ASC = -1.9000225786524036
B_ON_GOODS = 0.616944740591958
B_SEX = -0.32837240967339093
B_SEX_OG = -0.004264854430522557
