Location coordinates of network setup:
[(0, 0), (7, 50), (-32, 48), (-18, -26), (37, 5), (-26, -6), (-23, -23), (-38, -2), (10, -44), (47, -35), (-40, 48), (-35, 45), (29, -17), (39, 25), (-29, -24), (-1, 10)]

Depot Index: 0

Customer node indices: [1, 2, 3, 4, 5, 6, 7, 8, 9, 10]

Charging station indices: [11, 12, 13, 14, 15]

Random service times: [0, 3, 3, 5, 3, 2, 3, 4, 4, 4, 3, 0, 0, 0, 0, 0]

Time Windows: [(0, 1000), (0, 500), (12, 500), (42, 500), (38, 500), (13, 500), (48, 500), (11, 500), (31, 500), (5, 500), (45, 500), (0, 1000), (0, 1000), (0, 1000), (0, 1000), (0, 1000)]

Demands: [0, 4, 9, 6, 5, 2, 1, 4, 4, 4, 7, 0, 0, 0, 0, 0]
Vehicle type list: ['EV', 'EV', 'ICE', 'ICE']
Vehicle capacities: [25, 25, 25, 25]

Battery Capacities: [100, 100, None, None]

Distance Matrix:
[0, 50, 58, 32, 37, 27, 33, 38, 45, 59, 62, 57, 34, 46, 38, 10]
[50, 0, 39, 80, 54, 65, 79, 69, 94, 94, 47, 42, 71, 41, 82, 41]
[58, 39, 0, 75, 81, 54, 72, 50, 101, 115, 8, 4, 89, 75, 72, 49]
[32, 80, 75, 0, 63, 22, 6, 31, 33, 66, 77, 73, 48, 76, 11, 40]
[37, 54, 81, 63, 0, 64, 66, 75, 56, 41, 88, 82, 23, 20, 72, 38]
[27, 65, 54, 22, 64, 0, 17, 13, 52, 79, 56, 52, 56, 72, 18, 30]
[33, 79, 72, 6, 66, 17, 0, 26, 39, 71, 73, 69, 52, 78, 6, 40]
[38, 69, 50, 31, 75, 13, 26, 0, 64, 91, 50, 47, 69, 82, 24, 39]
[45, 94, 101, 33, 56, 52, 39, 64, 0, 38, 105, 100, 33, 75, 44, 55]
[59, 94, 115, 66, 41, 79, 71, 91, 38, 0, 120, 115, 25, 61, 77, 66]
[62, 47, 8, 77, 88, 56, 73, 50, 105, 120, 0, 6, 95, 82, 73, 54]
[57, 42, 4, 73, 82, 52, 69, 47, 100, 115, 6, 0, 89, 77, 69, 49]
[34, 71, 89, 48, 23, 56, 52, 69, 33, 25, 95, 89, 0, 43, 58, 40]
[46, 41, 75, 76, 20, 72, 78, 82, 75, 61, 82, 77, 43, 0, 84, 43]
[38, 82, 72, 11, 72, 18, 6, 24, 44, 77, 73, 69, 58, 84, 0, 44]
[10, 41, 49, 40, 38, 30, 40, 39, 55, 66, 54, 49, 40, 43, 44, 0]
