Location coordinates of network setup:
[(0, 0), (45, -27), (40, -21), (7, 4), (-39, 23), (17, 38), (-11, 13), (21, -17), (12, 36), (11, -40), (-44, -40), (33, -44), (-24, 29), (35, -10), (-33, 44), (-3, -43), (-26, -22), (-46, 25), (40, -22), (-12, -43), (-35, 37), (-3, 27), (10, 37), (40, 17), (35, 43), (-2, 5), (6, 19), (24, 44), (36, 28), (23, 43), (5, 36), (-38, 25), (47, 17), (-8, 6), (47, 12), (19, -39), (-6, -11), (-29, -11), (-35, 1), (49, 48), (-29, -8), (3, -5), (40, -12), (-47, -7), (-20, 36), (20, 28)]

Depot Index: 0

Customer node indices: [1, 2, 3, 4, 5, 6, 7, 8, 9, 10, 11, 12, 13, 14, 15, 16, 17, 18, 19, 20, 21, 22, 23, 24, 25, 26, 27, 28, 29, 30]

Charging station indices: [31, 32, 33, 34, 35, 36, 37, 38, 39, 40, 41, 42, 43, 44, 45]

Random service times: [0, 2, 5, 5, 5, 5, 4, 3, 5, 2, 4, 5, 3, 2, 3, 2, 2, 4, 2, 3, 2, 5, 3, 5, 4, 3, 4, 5, 2, 5, 2, 0, 0, 0, 0, 0, 0, 0, 0, 0, 0, 0, 0, 0, 0, 0]

Time Windows: [(0, 1000), (43, 500), (9, 500), (36, 500), (11, 500), (43, 500), (38, 500), (37, 500), (7, 500), (25, 500), (15, 500), (6, 500), (13, 500), (41, 500), (23, 500), (36, 500), (24, 500), (42, 500), (42, 500), (20, 500), (34, 500), (29, 500), (50, 500), (33, 500), (42, 500), (38, 500), (18, 500), (23, 500), (6, 500), (34, 500), (17, 500), (0, 1000), (0, 1000), (0, 1000), (0, 1000), (0, 1000), (0, 1000), (0, 1000), (0, 1000), (0, 1000), (0, 1000), (0, 1000), (0, 1000), (0, 1000), (0, 1000), (0, 1000)]

Demands: [0, 8, 5, 6, 3, 9, 5, 5, 1, 6, 4, 7, 4, 1, 2, 8, 9, 6, 2, 2, 7, 8, 5, 10, 7, 1, 10, 1, 8, 5, 2, 0, 0, 0, 0, 0, 0, 0, 0, 0, 0, 0, 0, 0, 0, 0]
Vehicle type list: ['EV', 'EV', 'EV', 'EV', 'EV', 'EV', 'ICE', 'ICE', 'ICE', 'ICE', 'ICE', 'ICE']
Vehicle capacities: [25, 25, 25, 25, 25, 25, 25, 25, 25, 25, 25, 25]

Battery Capacities: [100, 100, 100, 100, 100, 100, None, None, None, None, None, None]

Distance Matrix:
[0, 52, 45, 8, 45, 42, 17, 27, 38, 41, 59, 55, 38, 36, 55, 43, 34, 52, 46, 45, 51, 27, 38, 43, 55, 5, 20, 50, 46, 49, 36, 45, 50, 10, 49, 43, 13, 31, 35, 69, 30, 6, 42, 48, 41, 34]
[52, 0, 8, 49, 98, 71, 69, 26, 71, 36, 90, 21, 89, 20, 105, 51, 71, 105, 7, 59, 102, 72, 73, 44, 71, 57, 60, 74, 56, 73, 75, 98, 44, 62, 39, 29, 53, 76, 85, 75, 76, 47, 16, 94, 91, 60]
[45, 8, 0, 41, 90, 63, 61, 19, 64, 35, 86, 24, 81, 12, 98, 48, 66, 98, 1, 56, 95, 64, 65, 38, 64, 49, 52, 67, 49, 66, 67, 91, 39, 55, 34, 28, 47, 70, 78, 70, 70, 40, 9, 88, 83, 53]
[8, 49, 41, 0, 50, 35, 20, 25, 32, 44, 67, 55, 40, 31, 57, 48, 42, 57, 42, 51, 53, 25, 33, 35, 48, 9, 15, 43, 38, 42, 32, 50, 42, 15, 41, 45, 20, 39, 42, 61, 38, 10, 37, 55, 42, 27]
[45, 98, 90, 50, 0, 58, 30, 72, 53, 80, 63, 98, 16, 81, 22, 75, 47, 7, 91, 71, 15, 36, 51, 79, 77, 41, 45, 66, 75, 65, 46, 2, 86, 35, 87, 85, 47, 35, 22, 91, 33, 50, 86, 31, 23, 59]
[42, 71, 63, 35, 58, 0, 38, 55, 5, 78, 99, 84, 42, 51, 50, 83, 74, 64, 64, 86, 52, 23, 7, 31, 19, 38, 22, 9, 21, 8, 12, 57, 37, 41, 40, 77, 54, 67, 64, 34, 65, 45, 55, 78, 37, 10]
[17, 69, 61, 20, 30, 38, 0, 44, 33, 57, 62, 72, 21, 51, 38, 57, 38, 37, 62, 56, 34, 16, 32, 51, 55, 12, 18, 47, 49, 45, 28, 30, 58, 8, 58, 60, 25, 30, 27, 69, 28, 23, 57, 41, 25, 34]
[27, 26, 19, 25, 72, 55, 44, 0, 54, 25, 69, 30, 64, 16, 81, 35, 47, 79, 20, 42, 78, 50, 55, 39, 62, 32, 39, 61, 47, 60, 55, 72, 43, 37, 39, 22, 28, 50, 59, 71, 51, 22, 20, 69, 67, 45]
[38, 71, 64, 32, 53, 5, 33, 54, 0, 76, 94, 83, 37, 51, 46, 80, 69, 59, 64, 83, 47, 17, 2, 34, 24, 34, 18, 14, 25, 13, 7, 51, 40, 36, 42, 75, 50, 62, 59, 39, 60, 42, 56, 73, 32, 11]
[41, 36, 35, 44, 80, 78, 57, 25, 76, 0, 55, 22, 77, 38, 95, 14, 41, 86, 34, 23, 90, 68, 77, 64, 86, 47, 59, 85, 72, 84, 76, 81, 67, 50, 63, 8, 34, 49, 62, 96, 51, 36, 40, 67, 82, 69]
[59, 90, 86, 67, 63, 99, 62, 69, 94, 55, 0, 77, 72, 85, 85, 41, 25, 65, 86, 32, 78, 79, 94, 102, 115, 62, 77, 108, 105, 107, 90, 65, 107, 58, 105, 63, 48, 33, 42, 128, 35, 59, 89, 33, 80, 93]
[55, 21, 24, 55, 98, 84, 72, 30, 83, 22, 77, 0, 93, 34, 110, 36, 63, 105, 23, 45, 106, 80, 84, 61, 87, 60, 69, 88, 72, 88, 85, 99, 63, 65, 58, 15, 51, 70, 82, 93, 72, 49, 33, 88, 96, 73]
[38, 89, 81, 40, 16, 42, 21, 64, 37, 77, 72, 93, 0, 71, 17, 75, 51, 22, 82, 73, 14, 21, 35, 65, 61, 33, 32, 50, 60, 49, 30, 15, 72, 28, 73, 80, 44, 40, 30, 75, 37, 43, 76, 43, 8, 44]
[36, 20, 12, 31, 81, 51, 51, 16, 51, 38, 85, 34, 71, 0, 87, 50, 62, 88, 13, 57, 84, 53, 53, 27, 53, 40, 41, 55, 38, 54, 55, 81, 30, 46, 25, 33, 41, 64, 71, 60, 64, 32, 5, 82, 72, 41]
[55, 105, 98, 57, 22, 50, 38, 81, 46, 95, 85, 110, 17, 87, 0, 92, 66, 23, 98, 89, 7, 34, 44, 78, 68, 50, 46, 57, 71, 56, 39, 20, 84, 45, 86, 98, 61, 55, 43, 82, 52, 61, 92, 53, 15, 55]
[43, 51, 48, 48, 75, 83, 57, 35, 80, 14, 41, 36, 75, 50, 92, 0, 31, 80, 48, 9, 86, 70, 81, 74, 94, 48, 63, 91, 81, 90, 79, 76, 78, 49, 74, 22, 32, 41, 54, 105, 44, 38, 53, 57, 81, 75]
[34, 71, 66, 42, 47, 74, 38, 47, 69, 41, 25, 63, 51, 62, 66, 31, 0, 51, 66, 25, 60, 54, 69, 77, 89, 36, 52, 83, 80, 81, 66, 49, 83, 33, 81, 48, 23, 11, 25, 103, 14, 34, 67, 26, 58, 68]
[52, 105, 98, 57, 7, 64, 37, 79, 59, 86, 65, 105, 22, 88, 23, 80, 51, 0, 98, 76, 16, 43, 57, 86, 83, 48, 52, 73, 82, 71, 52, 8, 93, 42, 94, 91, 54, 40, 26, 98, 37, 57, 94, 32, 28, 66]
[46, 7, 1, 42, 91, 64, 62, 20, 64, 34, 86, 23, 82, 13, 98, 48, 66, 98, 0, 56, 95, 65, 66, 39, 65, 50, 53, 68, 50, 67, 68, 91, 40, 56, 35, 27, 47, 70, 78, 71, 70, 41, 10, 88, 83, 54]
[45, 59, 56, 51, 71, 86, 56, 42, 83, 23, 32, 45, 73, 57, 89, 9, 25, 76, 56, 0, 83, 71, 83, 79, 98, 49, 65, 94, 86, 93, 81, 73, 84, 49, 81, 31, 33, 36, 50, 110, 39, 41, 61, 50, 79, 78]
[51, 102, 95, 53, 15, 52, 34, 78, 47, 90, 78, 106, 14, 84, 7, 86, 60, 16, 95, 83, 0, 34, 45, 78, 70, 46, 45, 59, 72, 58, 40, 12, 84, 41, 86, 93, 56, 48, 36, 85, 45, 57, 90, 46, 15, 56]
[27, 72, 64, 25, 36, 23, 16, 50, 17, 68, 79, 80, 21, 53, 34, 70, 54, 43, 65, 71, 34, 0, 16, 44, 41, 22, 12, 32, 39, 31, 12, 35, 51, 22, 52, 70, 38, 46, 41, 56, 44, 33, 58, 56, 19, 23]
[38, 73, 65, 33, 51, 7, 32, 55, 2, 77, 94, 84, 35, 53, 44, 81, 69, 57, 66, 83, 45, 16, 0, 36, 26, 34, 18, 16, 28, 14, 5, 49, 42, 36, 45, 77, 51, 62, 58, 41, 60, 43, 57, 72, 30, 13]
[43, 44, 38, 35, 79, 31, 51, 39, 34, 64, 102, 61, 65, 27, 78, 74, 77, 86, 39, 79, 78, 44, 36, 0, 26, 44, 34, 31, 12, 31, 40, 78, 7, 49, 9, 60, 54, 74, 77, 32, 73, 43, 29, 90, 63, 23]
[55, 71, 64, 48, 77, 19, 55, 62, 24, 86, 115, 87, 61, 53, 68, 94, 89, 83, 65, 98, 70, 41, 26, 26, 0, 53, 38, 11, 15, 12, 31, 75, 29, 57, 33, 84, 68, 84, 82, 15, 82, 58, 55, 96, 55, 21]
[5, 57, 49, 9, 41, 38, 12, 32, 34, 47, 62, 60, 33, 40, 50, 48, 36, 48, 50, 49, 46, 22, 34, 44, 53, 0, 16, 47, 44, 45, 32, 41, 50, 6, 49, 49, 16, 31, 33, 67, 30, 11, 45, 47, 36, 32]
[20, 60, 52, 15, 45, 22, 18, 39, 18, 59, 77, 69, 32, 41, 46, 63, 52, 52, 53, 65, 45, 12, 18, 34, 38, 16, 0, 31, 31, 29, 17, 44, 41, 19, 42, 59, 32, 46, 45, 52, 44, 24, 46, 59, 31, 17]
[50, 74, 67, 43, 66, 9, 47, 61, 14, 85, 108, 88, 50, 55, 57, 91, 83, 73, 68, 94, 59, 32, 16, 31, 11, 47, 31, 0, 20, 1, 21, 65, 35, 50, 39, 83, 63, 76, 73, 25, 74, 53, 58, 87, 45, 16]
[46, 56, 49, 38, 75, 21, 49, 47, 25, 72, 105, 72, 60, 38, 71, 81, 80, 82, 50, 86, 72, 39, 28, 12, 15, 44, 31, 20, 0, 20, 32, 74, 16, 49, 19, 69, 57, 76, 76, 24, 74, 47, 40, 90, 57, 16]
[49, 73, 66, 42, 65, 8, 45, 60, 13, 84, 107, 88, 49, 54, 56, 90, 81, 71, 67, 93, 58, 31, 14, 31, 12, 45, 29, 1, 20, 0, 19, 64, 35, 48, 39, 82, 61, 75, 72, 26, 73, 52, 58, 86, 44, 15]
[36, 75, 67, 32, 46, 12, 28, 55, 7, 76, 90, 85, 30, 55, 39, 79, 66, 52, 68, 81, 40, 12, 5, 40, 31, 32, 17, 21, 32, 19, 0, 44, 46, 33, 48, 76, 48, 58, 53, 46, 56, 41, 59, 67, 25, 17]
[45, 98, 91, 50, 2, 57, 30, 72, 51, 81, 65, 99, 15, 81, 20, 76, 49, 8, 91, 73, 12, 35, 49, 78, 75, 41, 44, 65, 74, 64, 44, 0, 85, 36, 86, 86, 48, 37, 24, 90, 34, 51, 86, 33, 21, 58]
[50, 44, 39, 42, 86, 37, 58, 43, 40, 67, 107, 63, 72, 30, 84, 78, 83, 93, 40, 84, 84, 51, 42, 7, 29, 50, 41, 35, 16, 35, 46, 85, 0, 56, 5, 63, 60, 81, 84, 31, 80, 49, 30, 97, 70, 29]
[10, 62, 55, 15, 35, 41, 8, 37, 36, 50, 58, 65, 28, 46, 45, 49, 33, 42, 56, 49, 41, 22, 36, 49, 57, 6, 19, 50, 49, 48, 33, 36, 56, 0, 55, 52, 17, 27, 27, 71, 25, 16, 51, 41, 32, 36]
[49, 39, 34, 41, 87, 40, 58, 39, 42, 63, 105, 58, 73, 25, 86, 74, 81, 94, 35, 81, 86, 52, 45, 9, 33, 49, 42, 39, 19, 39, 48, 86, 5, 55, 0, 58, 58, 79, 83, 36, 79, 47, 25, 96, 71, 31]
[43, 29, 28, 45, 85, 77, 60, 22, 75, 8, 63, 15, 80, 33, 98, 22, 48, 91, 27, 31, 93, 70, 77, 60, 84, 49, 59, 83, 69, 82, 76, 86, 63, 52, 58, 0, 38, 56, 67, 92, 57, 38, 34, 73, 85, 67]
[13, 53, 47, 20, 47, 54, 25, 28, 50, 34, 48, 51, 44, 41, 61, 32, 23, 54, 47, 33, 56, 38, 51, 54, 68, 16, 32, 63, 57, 61, 48, 48, 60, 17, 58, 38, 0, 23, 31, 81, 23, 11, 46, 41, 49, 47]
[31, 76, 70, 39, 35, 67, 30, 50, 62, 49, 33, 70, 40, 64, 55, 41, 11, 40, 70, 36, 48, 46, 62, 74, 84, 31, 46, 76, 76, 75, 58, 37, 81, 27, 79, 56, 23, 0, 13, 98, 3, 33, 69, 18, 48, 63]
[35, 85, 78, 42, 22, 64, 27, 59, 59, 62, 42, 82, 30, 71, 43, 54, 25, 26, 78, 50, 36, 41, 58, 77, 82, 33, 45, 73, 76, 72, 53, 24, 84, 27, 83, 67, 31, 13, 0, 96, 11, 38, 76, 14, 38, 61]
[69, 75, 70, 61, 91, 34, 69, 71, 39, 96, 128, 93, 75, 60, 82, 105, 103, 98, 71, 110, 85, 56, 41, 32, 15, 67, 52, 25, 24, 26, 46, 90, 31, 71, 36, 92, 81, 98, 96, 0, 96, 70, 61, 111, 70, 35]
[30, 76, 70, 38, 33, 65, 28, 51, 60, 51, 35, 72, 37, 64, 52, 44, 14, 37, 70, 39, 45, 44, 60, 73, 82, 30, 44, 74, 74, 73, 56, 34, 80, 25, 79, 57, 23, 3, 11, 96, 0, 32, 69, 18, 45, 61]
[6, 47, 40, 10, 50, 45, 23, 22, 42, 36, 59, 49, 43, 32, 61, 38, 34, 57, 41, 41, 57, 33, 43, 43, 58, 11, 24, 53, 47, 52, 41, 51, 49, 16, 47, 38, 11, 33, 38, 70, 32, 0, 38, 50, 47, 37]
[42, 16, 9, 37, 86, 55, 57, 20, 56, 40, 89, 33, 76, 5, 92, 53, 67, 94, 10, 61, 90, 58, 57, 29, 55, 45, 46, 58, 40, 58, 59, 86, 30, 51, 25, 34, 46, 69, 76, 61, 69, 38, 0, 87, 77, 45]
[48, 94, 88, 55, 31, 78, 41, 69, 73, 67, 33, 88, 43, 82, 53, 57, 26, 32, 88, 50, 46, 56, 72, 90, 96, 47, 59, 87, 90, 86, 67, 33, 97, 41, 96, 73, 41, 18, 14, 111, 18, 50, 87, 0, 51, 76]
[41, 91, 83, 42, 23, 37, 25, 67, 32, 82, 80, 96, 8, 72, 15, 81, 58, 28, 83, 79, 15, 19, 30, 63, 55, 36, 31, 45, 57, 44, 25, 21, 70, 32, 71, 85, 49, 48, 38, 70, 45, 47, 77, 51, 0, 41]
[34, 60, 53, 27, 59, 10, 34, 45, 11, 69, 93, 73, 44, 41, 55, 75, 68, 66, 54, 78, 56, 23, 13, 23, 21, 32, 17, 16, 16, 15, 17, 58, 29, 36, 31, 67, 47, 63, 61, 35, 61, 37, 45, 76, 41, 0]
