Location coordinates of network setup:
[(0, 0), (-8, -14), (-35, 6), (-36, 12), (-35, -15), (13, 40), (31, -25), (-15, -13), (46, -26), (16, -26), (-7, 47), (-29, -45), (-31, -49), (45, -3), (36, 38), (-23, -45), (22, -13), (40, -22), (-22, 15), (25, -2), (23, 23), (45, -1), (-17, 37), (-2, -3), (3, -47), (-49, -25), (9, 15), (17, 15), (-18, 30), (-20, -35), (-8, 4), (-25, -34), (19, 23), (2, 29), (2, 24), (29, 33), (28, -31), (-9, 27), (-40, 42), (37, -21), (16, 42), (-4, -3), (33, -39), (-34, -19), (38, 18), (12, -45), (-40, 47), (-48, 33), (30, -49), (-21, 35), (45, 43), (21, 19), (31, -11), (22, 9), (-44, 27), (-24, 5), (-23, -31), (39, -15), (-16, 39), (-32, 22), (-13, -3), (45, -33), (37, 36), (-14, 17), (-31, -42), (-49, 3), (-19, 21), (41, 5), (30, -3), (28, -17), (21, -48), (26, -16), (11, -25), (18, 11), (-26, 33), (-11, 45), (27, 9), (-24, -34), (-44, 25), (45, -19), (-42, -40), (-9, -43), (45, -11), (-9, 4), (-26, -33), (44, 19), (12, -2), (-27, -37), (39, 4), (4, 32), (35, -34), (-39, -19), (43, -40), (21, -25), (-8, 17), (-31, -21), (9, 34), (-7, 21), (-49, 28), (18, -42), (-39, 30), (-22, -3), (9, 12), (4, -38), (-38, 9), (-32, 33), (-20, 22), (17, -34), (41, -13), (-3, 29), (15, 18), (-4, 39), (-31, 26), (-10, -48), (-18, -24), (30, -29), (-16, -44), (10, -49), (-3, -17), (-43, 16), (1, -35), (-18, -33), (-5, 7), (1, 1), (-50, 49), (-14, -21), (-13, -2), (-28, -1), (-42, 45), (-15, -6), (1, -46), (-25, -4), (-2, -11), (39, -33), (-16, 21), (1, -29), (-47, 20), (-24, -18), (40, -12), (15, 1), (-29, 16), (40, -38), (-18, 12), (-19, 19), (-40, -38), (-32, -5), (-32, -21), (15, 50), (-44, 6), (-26, 16), (23, 36)]

Depot Index: 0

Customer node indices: [1, 2, 3, 4, 5, 6, 7, 8, 9, 10, 11, 12, 13, 14, 15, 16, 17, 18, 19, 20, 21, 22, 23, 24, 25, 26, 27, 28, 29, 30, 31, 32, 33, 34, 35, 36, 37, 38, 39, 40, 41, 42, 43, 44, 45, 46, 47, 48, 49, 50, 51, 52, 53, 54, 55, 56, 57, 58, 59, 60, 61, 62, 63, 64, 65, 66, 67, 68, 69, 70, 71, 72, 73, 74, 75, 76, 77, 78, 79, 80, 81, 82, 83, 84, 85, 86, 87, 88, 89, 90, 91, 92, 93, 94, 95, 96, 97, 98, 99, 100]

Charging station indices: [101, 102, 103, 104, 105, 106, 107, 108, 109, 110, 111, 112, 113, 114, 115, 116, 117, 118, 119, 120, 121, 122, 123, 124, 125, 126, 127, 128, 129, 130, 131, 132, 133, 134, 135, 136, 137, 138, 139, 140, 141, 142, 143, 144, 145, 146, 147, 148, 149, 150]

Random service times: [0, 2, 4, 3, 3, 3, 3, 3, 5, 4, 5, 2, 2, 4, 5, 2, 4, 4, 3, 2, 2, 3, 2, 2, 3, 3, 2, 2, 2, 3, 2, 2, 3, 2, 2, 5, 2, 5, 4, 4, 4, 4, 3, 4, 4, 5, 3, 4, 2, 2, 3, 5, 5, 4, 5, 2, 4, 3, 2, 4, 4, 3, 3, 4, 5, 3, 4, 2, 5, 5, 3, 2, 4, 5, 4, 3, 3, 3, 3, 5, 3, 4, 5, 4, 3, 5, 2, 4, 4, 5, 2, 2, 4, 4, 5, 3, 5, 5, 5, 5, 4, 0, 0, 0, 0, 0, 0, 0, 0, 0, 0, 0, 0, 0, 0, 0, 0, 0, 0, 0, 0, 0, 0, 0, 0, 0, 0, 0, 0, 0, 0, 0, 0, 0, 0, 0, 0, 0, 0, 0, 0, 0, 0, 0, 0, 0, 0, 0, 0, 0, 0]

Time Windows: [(0, 1000), (5, 500), (24, 500), (31, 500), (35, 500), (46, 500), (11, 500), (6, 500), (34, 500), (35, 500), (38, 500), (45, 500), (33, 500), (47, 500), (18, 500), (13, 500), (26, 500), (13, 500), (42, 500), (38, 500), (36, 500), (15, 500), (6, 500), (40, 500), (0, 500), (40, 500), (31, 500), (3, 500), (13, 500), (7, 500), (10, 500), (17, 500), (30, 500), (38, 500), (11, 500), (39, 500), (36, 500), (31, 500), (43, 500), (46, 500), (7, 500), (12, 500), (31, 500), (6, 500), (21, 500), (9, 500), (32, 500), (16, 500), (11, 500), (2, 500), (22, 500), (0, 500), (12, 500), (50, 500), (23, 500), (12, 500), (36, 500), (47, 500), (26, 500), (38, 500), (10, 500), (33, 500), (37, 500), (32, 500), (40, 500), (3, 500), (33, 500), (17, 500), (7, 500), (42, 500), (2, 500), (43, 500), (34, 500), (22, 500), (31, 500), (17, 500), (43, 500), (15, 500), (18, 500), (16, 500), (9, 500), (20, 500), (19, 500), (24, 500), (50, 500), (38, 500), (35, 500), (31, 500), (20, 500), (36, 500), (45, 500), (21, 500), (32, 500), (49, 500), (3, 500), (42, 500), (30, 500), (33, 500), (18, 500), (24, 500), (18, 500), (0, 1000), (0, 1000), (0, 1000), (0, 1000), (0, 1000), (0, 1000), (0, 1000), (0, 1000), (0, 1000), (0, 1000), (0, 1000), (0, 1000), (0, 1000), (0, 1000), (0, 1000), (0, 1000), (0, 1000), (0, 1000), (0, 1000), (0, 1000), (0, 1000), (0, 1000), (0, 1000), (0, 1000), (0, 1000), (0, 1000), (0, 1000), (0, 1000), (0, 1000), (0, 1000), (0, 1000), (0, 1000), (0, 1000), (0, 1000), (0, 1000), (0, 1000), (0, 1000), (0, 1000), (0, 1000), (0, 1000), (0, 1000), (0, 1000), (0, 1000), (0, 1000), (0, 1000), (0, 1000), (0, 1000), (0, 1000), (0, 1000), (0, 1000)]

Demands: [0, 3, 10, 9, 7, 6, 10, 5, 6, 7, 9, 5, 8, 3, 10, 5, 6, 5, 9, 4, 3, 8, 6, 2, 4, 5, 10, 8, 1, 8, 7, 4, 1, 2, 2, 3, 7, 8, 3, 8, 9, 9, 2, 7, 6, 1, 3, 6, 5, 8, 3, 4, 10, 2, 5, 3, 2, 10, 4, 8, 3, 4, 9, 6, 4, 3, 1, 10, 5, 5, 6, 3, 8, 10, 2, 6, 3, 2, 6, 9, 9, 1, 7, 8, 3, 5, 5, 2, 8, 10, 8, 5, 2, 6, 1, 1, 6, 10, 3, 10, 5, 0, 0, 0, 0, 0, 0, 0, 0, 0, 0, 0, 0, 0, 0, 0, 0, 0, 0, 0, 0, 0, 0, 0, 0, 0, 0, 0, 0, 0, 0, 0, 0, 0, 0, 0, 0, 0, 0, 0, 0, 0, 0, 0, 0, 0, 0, 0, 0, 0, 0]
Vehicle type list: ['EV', 'EV', 'EV', 'EV', 'EV', 'EV', 'EV', 'EV', 'EV', 'EV', 'EV', 'EV', 'EV', 'EV', 'EV', 'EV', 'EV', 'EV', 'EV', 'EV', 'ICE', 'ICE', 'ICE', 'ICE', 'ICE', 'ICE', 'ICE', 'ICE', 'ICE', 'ICE', 'ICE', 'ICE', 'ICE', 'ICE', 'ICE', 'ICE', 'ICE', 'ICE', 'ICE', 'ICE']
Vehicle capacities: [25, 25, 25, 25, 25, 25, 25, 25, 25, 25, 25, 25, 25, 25, 25, 25, 25, 25, 25, 25, 25, 25, 25, 25, 25, 25, 25, 25, 25, 25, 25, 25, 25, 25, 25, 25, 25, 25, 25, 25]

Battery Capacities: [100, 100, 100, 100, 100, 100, 100, 100, 100, 100, 100, 100, 100, 100, 100, 100, 100, 100, 100, 100, None, None, None, None, None, None, None, None, None, None, None, None, None, None, None, None, None, None, None, None]

Distance Matrix:
[0, 16, 36, 38, 38, 42, 40, 20, 53, 31, 48, 54, 58, 45, 52, 51, 26, 46, 27, 25, 33, 45, 41, 4, 47, 55, 17, 23, 35, 40, 9, 42, 30, 29, 24, 44, 42, 28, 58, 43, 45, 5, 51, 39, 42, 47, 62, 58, 57, 41, 62, 28, 33, 24, 52, 25, 39, 42, 42, 39, 13, 56, 52, 22, 52, 49, 28, 41, 30, 33, 52, 31, 27, 21, 42, 46, 28, 42, 51, 49, 58, 44, 46, 10, 42, 48, 12, 46, 39, 32, 49, 43, 59, 33, 19, 37, 35, 22, 56, 46, 49, 22, 15, 38, 39, 46, 30, 38, 43, 29, 23, 39, 40, 49, 30, 42, 47, 50, 17, 46, 35, 38, 9, 1, 70, 25, 13, 28, 62, 16, 46, 25, 11, 51, 26, 29, 51, 30, 42, 15, 33, 55, 22, 27, 55, 32, 38, 52, 44, 31, 43]
[16, 0, 34, 38, 27, 58, 41, 7, 55, 27, 61, 37, 42, 54, 68, 34, 30, 49, 32, 35, 48, 55, 52, 13, 35, 42, 34, 38, 45, 24, 18, 26, 46, 44, 39, 60, 40, 41, 64, 46, 61, 12, 48, 26, 56, 37, 69, 62, 52, 51, 78, 44, 39, 38, 55, 25, 23, 47, 54, 43, 12, 56, 67, 32, 36, 44, 37, 53, 40, 36, 45, 34, 22, 36, 50, 59, 42, 26, 53, 53, 43, 29, 53, 18, 26, 62, 23, 30, 50, 48, 47, 31, 57, 31, 31, 24, 51, 35, 59, 38, 54, 18, 31, 27, 38, 53, 38, 32, 49, 43, 39, 53, 46, 34, 14, 41, 31, 39, 6, 46, 23, 21, 21, 17, 76, 9, 13, 24, 68, 11, 33, 20, 7, 51, 36, 17, 52, 16, 48, 27, 37, 54, 28, 35, 40, 26, 25, 68, 41, 35, 59]
[36, 34, 0, 6, 21, 59, 73, 28, 87, 60, 50, 51, 55, 81, 78, 52, 60, 80, 16, 61, 60, 80, 36, 34, 65, 34, 45, 53, 29, 44, 27, 41, 57, 44, 41, 69, 73, 33, 36, 77, 62, 32, 82, 25, 74, 69, 41, 30, 85, 32, 88, 57, 68, 57, 23, 11, 39, 77, 38, 16, 24, 89, 78, 24, 48, 14, 22, 76, 66, 67, 78, 65, 55, 53, 28, 46, 62, 41, 21, 84, 47, 55, 82, 26, 40, 80, 48, 44, 74, 47, 81, 25, 91, 64, 29, 27, 52, 32, 26, 72, 24, 16, 44, 59, 4, 27, 22, 66, 78, 39, 51, 45, 20, 60, 34, 74, 53, 71, 39, 13, 55, 43, 30, 36, 46, 34, 23, 10, 40, 23, 63, 14, 37, 84, 24, 50, 18, 26, 77, 50, 12, 87, 18, 21, 44, 11, 27, 67, 9, 13, 65]
[38, 38, 6, 0, 27, 56, 77, 33, 90, 64, 45, 57, 61, 82, 77, 58, 63, 83, 14, 63, 60, 82, 31, 37, 71, 39, 45, 53, 25, 50, 29, 47, 56, 42, 40, 68, 77, 31, 30, 80, 60, 35, 86, 31, 74, 75, 35, 24, 90, 27, 87, 57, 71, 58, 17, 14, 45, 80, 34, 11, 27, 93, 77, 23, 54, 16, 19, 77, 68, 70, 83, 68, 60, 54, 23, 41, 63, 48, 15, 87, 52, 61, 84, 28, 46, 80, 50, 50, 75, 45, 85, 31, 95, 68, 28, 33, 50, 30, 21, 76, 18, 21, 45, 64, 4, 21, 19, 70, 81, 37, 51, 42, 15, 65, 40, 78, 59, 76, 44, 8, 60, 48, 31, 39, 40, 40, 27, 15, 34, 28, 69, 19, 41, 87, 22, 55, 14, 32, 80, 52, 8, 91, 18, 18, 50, 17, 33, 64, 10, 11, 64]
[38, 27, 21, 27, 0, 73, 67, 20, 82, 52, 68, 31, 34, 81, 89, 32, 57, 75, 33, 61, 69, 81, 55, 35, 50, 17, 53, 60, 48, 25, 33, 21, 66, 57, 54, 80, 65, 49, 57, 72, 76, 33, 72, 4, 80, 56, 62, 50, 73, 52, 99, 66, 66, 62, 43, 23, 20, 74, 57, 37, 25, 82, 88, 38, 27, 23, 39, 79, 66, 63, 65, 61, 47, 59, 49, 65, 66, 22, 41, 80, 26, 38, 80, 32, 20, 86, 49, 23, 76, 61, 73, 6, 82, 57, 42, 7, 66, 46, 45, 59, 45, 18, 52, 45, 24, 48, 40, 55, 76, 54, 60, 62, 41, 41, 19, 66, 35, 56, 32, 32, 41, 25, 37, 39, 66, 22, 26, 16, 60, 22, 48, 15, 33, 76, 41, 39, 37, 11, 75, 52, 32, 78, 32, 38, 24, 10, 7, 82, 23, 32, 77]
[42, 58, 59, 56, 73, 0, 67, 60, 74, 66, 21, 95, 99, 54, 23, 92, 54, 68, 43, 44, 20, 52, 30, 46, 88, 90, 25, 25, 33, 82, 42, 83, 18, 16, 19, 17, 73, 26, 53, 66, 4, 46, 81, 75, 33, 85, 53, 61, 91, 34, 32, 22, 54, 32, 58, 51, 80, 61, 29, 48, 50, 80, 24, 35, 93, 72, 37, 45, 46, 59, 88, 57, 65, 29, 40, 25, 34, 83, 59, 67, 97, 86, 60, 42, 83, 37, 42, 87, 44, 12, 77, 79, 85, 65, 31, 75, 7, 28, 63, 82, 53, 55, 28, 79, 60, 46, 38, 74, 60, 19, 22, 17, 46, 91, 71, 71, 89, 89, 59, 61, 76, 79, 38, 41, 64, 67, 49, 58, 55, 54, 87, 58, 53, 77, 35, 70, 63, 69, 59, 39, 48, 83, 42, 38, 94, 64, 76, 10, 66, 46, 11]
[40, 41, 73, 77, 67, 67, 0, 48, 15, 15, 81, 63, 66, 26, 63, 58, 15, 9, 66, 24, 49, 28, 78, 40, 36, 80, 46, 42, 74, 52, 49, 57, 49, 61, 57, 58, 7, 66, 98, 7, 69, 41, 14, 65, 44, 28, 101, 98, 24, 79, 69, 45, 14, 35, 91, 63, 54, 13, 79, 79, 49, 16, 61, 62, 64, 85, 68, 32, 22, 9, 25, 10, 20, 38, 81, 82, 34, 56, 90, 15, 75, 44, 20, 49, 58, 46, 30, 59, 30, 63, 10, 70, 19, 10, 57, 62, 63, 60, 96, 21, 89, 57, 43, 30, 77, 86, 69, 17, 16, 64, 46, 73, 80, 47, 49, 4, 51, 32, 35, 85, 32, 50, 48, 40, 110, 45, 50, 64, 101, 50, 37, 60, 36, 11, 66, 30, 90, 55, 16, 31, 73, 16, 61, 67, 72, 66, 63, 77, 81, 70, 62]
[20, 7, 28, 33, 20, 60, 48, 0, 62, 34, 61, 35, 39, 61, 72, 33, 37, 56, 29, 41, 52, 61, 50, 16, 38, 36, 37, 43, 43, 23, 18, 23, 50, 45, 41, 64, 47, 40, 60, 53, 63, 15, 55, 20, 61, 42, 65, 57, 58, 48, 82, 48, 46, 43, 49, 20, 20, 54, 52, 39, 10, 63, 71, 30, 33, 38, 34, 59, 46, 43, 50, 41, 29, 41, 47, 58, 47, 23, 48, 60, 38, 31, 60, 18, 23, 67, 29, 27, 57, 49, 54, 25, 64, 38, 31, 18, 53, 35, 53, 44, 49, 12, 35, 31, 32, 49, 35, 38, 56, 44, 43, 53, 42, 35, 11, 48, 31, 44, 13, 40, 27, 20, 22, 21, 71, 8, 11, 18, 64, 7, 37, 13, 13, 58, 34, 23, 46, 10, 55, 33, 32, 60, 25, 32, 35, 19, 19, 70, 35, 31, 62]
[53, 55, 87, 90, 82, 74, 15, 62, 0, 30, 90, 77, 80, 23, 65, 72, 27, 7, 79, 32, 54, 25, 89, 53, 48, 95, 55, 50, 85, 67, 62, 71, 56, 70, 67, 61, 19, 76, 110, 10, 74, 55, 18, 80, 45, 39, 113, 111, 28, 91, 69, 51, 21, 42, 104, 77, 69, 13, 90, 92, 63, 7, 63, 74, 79, 99, 80, 31, 28, 20, 33, 22, 35, 46, 93, 91, 40, 70, 103, 7, 89, 58, 15, 63, 72, 45, 42, 74, 31, 72, 14, 85, 14, 25, 69, 77, 70, 71, 109, 32, 102, 72, 53, 44, 91, 98, 82, 30, 14, 74, 54, 82, 93, 60, 64, 16, 65, 43, 50, 98, 46, 64, 61, 52, 122, 60, 64, 78, 113, 64, 49, 74, 50, 10, 78, 45, 104, 70, 15, 41, 86, 13, 74, 79, 87, 81, 78, 82, 96, 83, 66]
[31, 27, 60, 64, 52, 66, 15, 34, 30, 0, 77, 49, 52, 37, 67, 43, 14, 24, 56, 26, 49, 38, 71, 29, 25, 65, 42, 41, 66, 37, 38, 42, 49, 57, 52, 60, 13, 59, 88, 22, 68, 30, 21, 50, 49, 19, 92, 87, 27, 71, 75, 45, 21, 36, 80, 51, 39, 25, 72, 68, 37, 30, 65, 52, 50, 71, 59, 40, 27, 15, 23, 14, 5, 37, 72, 76, 37, 41, 79, 30, 60, 30, 33, 39, 43, 53, 24, 44, 38, 59, 21, 55, 30, 5, 49, 47, 60, 52, 85, 16, 78, 44, 39, 17, 64, 76, 60, 8, 28, 58, 44, 68, 70, 34, 34, 14, 37, 24, 21, 72, 17, 35, 39, 31, 100, 30, 38, 51, 92, 37, 25, 47, 23, 24, 57, 15, 78, 41, 28, 27, 62, 27, 51, 57, 57, 52, 48, 76, 68, 59, 62]
[48, 61, 50, 45, 68, 21, 81, 61, 90, 77, 0, 95, 99, 72, 44, 93, 67, 83, 35, 59, 38, 71, 14, 50, 95, 83, 36, 40, 20, 83, 43, 83, 35, 20, 25, 39, 85, 20, 33, 81, 24, 50, 95, 71, 54, 94, 33, 43, 103, 18, 52, 40, 69, 48, 42, 45, 80, 77, 12, 35, 50, 95, 45, 31, 92, 61, 29, 64, 62, 73, 99, 71, 74, 44, 24, 4, 51, 83, 43, 84, 94, 90, 78, 43, 82, 58, 53, 86, 63, 19, 91, 73, 100, 77, 30, 72, 21, 26, 46, 92, 36, 52, 38, 86, 49, 29, 28, 84, 77, 18, 36, 9, 32, 95, 72, 85, 91, 97, 64, 48, 82, 81, 40, 47, 43, 68, 49, 52, 35, 54, 93, 54, 58, 92, 28, 76, 48, 67, 75, 51, 38, 97, 37, 30, 91, 58, 72, 22, 55, 36, 32]
[54, 37, 51, 57, 31, 95, 63, 35, 77, 49, 95, 0, 4, 85, 105, 6, 60, 73, 60, 69, 86, 86, 83, 50, 32, 28, 71, 76, 76, 13, 53, 12, 83, 80, 76, 97, 59, 75, 88, 70, 98, 49, 62, 26, 92, 41, 93, 80, 59, 80, 115, 81, 69, 74, 74, 50, 15, 74, 85, 67, 45, 75, 104, 64, 4, 52, 67, 86, 72, 64, 50, 62, 45, 73, 78, 92, 78, 12, 72, 78, 14, 20, 81, 53, 12, 97, 59, 8, 84, 84, 65, 28, 72, 54, 65, 24, 88, 70, 76, 47, 76, 43, 69, 34, 55, 78, 68, 47, 77, 78, 77, 88, 71, 19, 24, 61, 13, 39, 38, 63, 32, 16, 57, 55, 96, 28, 46, 44, 91, 41, 30, 41, 43, 69, 67, 34, 67, 27, 76, 64, 61, 69, 58, 65, 13, 40, 24, 105, 53, 61, 96]
[58, 42, 55, 61, 34, 99, 66, 39, 80, 52, 99, 4, 0, 89, 110, 9, 64, 76, 65, 73, 90, 90, 87, 54, 34, 30, 75, 80, 80, 18, 58, 16, 88, 85, 80, 102, 62, 79, 91, 74, 102, 53, 65, 30, 96, 43, 96, 84, 61, 85, 119, 86, 73, 79, 77, 54, 20, 78, 89, 71, 49, 78, 109, 68, 7, 55, 71, 90, 76, 67, 52, 66, 48, 77, 82, 96, 82, 17, 75, 82, 14, 23, 85, 57, 17, 101, 64, 13, 88, 88, 68, 31, 75, 57, 70, 28, 92, 74, 79, 49, 79, 47, 73, 37, 58, 82, 72, 50, 80, 83, 81, 92, 75, 21, 28, 64, 16, 41, 43, 66, 35, 21, 62, 59, 100, 33, 50, 48, 95, 46, 32, 45, 48, 72, 72, 38, 71, 32, 80, 68, 65, 72, 62, 69, 14, 44, 28, 109, 57, 65, 101]
[45, 54, 81, 82, 81, 54, 26, 61, 23, 37, 72, 85, 89, 0, 42, 80, 25, 20, 69, 20, 34, 2, 74, 47, 61, 97, 40, 33, 71, 72, 53, 77, 37, 54, 51, 39, 33, 62, 96, 20, 54, 49, 38, 81, 22, 53, 99, 100, 48, 76, 46, 33, 16, 26, 94, 69, 74, 13, 74, 81, 58, 30, 40, 62, 85, 94, 68, 9, 15, 22, 51, 23, 40, 30, 80, 74, 22, 76, 93, 16, 95, 67, 8, 54, 77, 22, 33, 80, 9, 54, 33, 86, 37, 33, 57, 78, 52, 57, 99, 47, 90, 67, 39, 54, 84, 85, 70, 42, 11, 58, 37, 65, 81, 71, 66, 30, 73, 58, 50, 90, 54, 70, 51, 44, 108, 62, 58, 73, 99, 60, 62, 70, 48, 31, 66, 51, 95, 71, 10, 30, 76, 35, 65, 68, 92, 77, 79, 61, 89, 73, 45]
[52, 68, 78, 77, 89, 23, 63, 72, 65, 67, 44, 105, 110, 42, 0, 102, 53, 60, 62, 41, 20, 40, 53, 56, 91, 106, 35, 30, 55, 92, 56, 94, 23, 35, 37, 9, 69, 46, 76, 59, 20, 57, 77, 90, 20, 86, 77, 84, 87, 57, 10, 24, 49, 32, 81, 68, 91, 53, 52, 70, 64, 72, 2, 54, 104, 92, 58, 33, 41, 56, 87, 55, 68, 32, 62, 48, 30, 94, 81, 58, 110, 93, 50, 56, 94, 21, 47, 98, 34, 33, 72, 94, 78, 65, 49, 89, 27, 46, 86, 82, 75, 71, 37, 82, 79, 68, 58, 74, 51, 40, 29, 40, 68, 98, 82, 67, 97, 91, 67, 82, 81, 89, 51, 51, 87, 77, 63, 75, 78, 67, 91, 74, 62, 71, 55, 76, 85, 82, 50, 43, 69, 76, 60, 58, 107, 80, 90, 24, 86, 66, 13]
[51, 34, 52, 58, 32, 92, 58, 33, 72, 43, 93, 6, 9, 80, 102, 0, 55, 67, 60, 64, 82, 81, 82, 47, 26, 33, 68, 72, 75, 10, 51, 11, 80, 78, 73, 94, 53, 73, 89, 65, 95, 46, 56, 28, 88, 35, 94, 82, 53, 80, 111, 78, 64, 70, 75, 50, 14, 69, 84, 68, 43, 69, 101, 63, 9, 55, 66, 81, 68, 58, 44, 57, 39, 69, 78, 91, 74, 11, 73, 73, 20, 14, 76, 51, 12, 93, 55, 9, 79, 82, 59, 31, 66, 48, 64, 25, 85, 68, 77, 41, 77, 42, 65, 28, 56, 79, 67, 41, 72, 77, 74, 86, 71, 13, 22, 55, 7, 33, 34, 64, 26, 13, 55, 52, 98, 26, 44, 44, 92, 40, 24, 41, 40, 63, 66, 29, 69, 27, 71, 60, 61, 63, 57, 64, 18, 41, 26, 102, 55, 61, 93]
[26, 30, 60, 63, 57, 54, 15, 37, 27, 14, 67, 60, 64, 25, 53, 55, 0, 20, 52, 11, 36, 26, 63, 26, 39, 72, 31, 28, 59, 47, 34, 51, 36, 47, 42, 47, 19, 51, 83, 17, 55, 28, 28, 56, 35, 34, 86, 84, 37, 64, 61, 32, 9, 22, 77, 49, 48, 17, 64, 64, 36, 30, 51, 47, 60, 73, 53, 26, 13, 7, 35, 5, 16, 24, 66, 67, 23, 51, 76, 24, 69, 43, 23, 35, 52, 39, 15, 55, 24, 48, 25, 61, 34, 12, 42, 54, 49, 45, 82, 29, 75, 45, 28, 31, 64, 71, 55, 22, 19, 49, 32, 58, 66, 47, 41, 18, 49, 38, 25, 71, 30, 45, 34, 25, 95, 37, 37, 51, 86, 38, 39, 48, 24, 26, 51, 26, 76, 46, 18, 16, 59, 31, 47, 52, 67, 55, 55, 63, 69, 56, 49]
[46, 49, 80, 83, 75, 68, 9, 56, 7, 24, 83, 73, 76, 20, 60, 67, 20, 0, 72, 25, 48, 22, 82, 46, 45, 89, 48, 44, 78, 61, 55, 66, 50, 64, 60, 56, 15, 69, 102, 3, 68, 48, 18, 74, 40, 36, 106, 104, 29, 83, 65, 45, 14, 36, 97, 69, 64, 7, 83, 84, 56, 12, 58, 67, 74, 92, 73, 27, 21, 13, 32, 15, 29, 40, 86, 84, 34, 65, 96, 6, 84, 53, 12, 55, 67, 41, 34, 69, 26, 65, 13, 79, 18, 19, 62, 71, 64, 64, 102, 30, 95, 65, 46, 39, 84, 91, 74, 26, 9, 67, 47, 75, 86, 56, 58, 12, 60, 40, 43, 91, 41, 59, 54, 45, 115, 54, 57, 71, 106, 57, 46, 67, 43, 11, 71, 40, 97, 64, 10, 34, 79, 16, 67, 72, 82, 74, 72, 76, 89, 76, 60]
[27, 32, 16, 14, 33, 43, 66, 29, 79, 56, 35, 60, 65, 69, 62, 60, 52, 72, 0, 50, 46, 69, 23, 27, 67, 48, 31, 39, 16, 50, 18, 49, 42, 28, 26, 54, 68, 18, 32, 69, 47, 25, 77, 36, 60, 69, 37, 32, 82, 20, 73, 43, 59, 44, 25, 10, 46, 68, 25, 12, 20, 82, 63, 8, 58, 30, 7, 64, 55, 59, 76, 57, 52, 40, 18, 32, 49, 49, 24, 75, 59, 59, 72, 17, 48, 66, 38, 52, 62, 31, 75, 38, 85, 59, 14, 37, 36, 16, 30, 70, 23, 18, 31, 59, 17, 21, 7, 63, 69, 24, 37, 30, 14, 64, 39, 68, 59, 72, 37, 21, 55, 48, 19, 27, 44, 37, 19, 17, 36, 22, 65, 19, 33, 78, 8, 50, 25, 33, 68, 40, 7, 82, 5, 5, 56, 22, 37, 51, 24, 4, 50]
[25, 35, 61, 63, 61, 44, 24, 41, 32, 26, 59, 69, 73, 20, 41, 64, 11, 25, 50, 0, 25, 20, 57, 27, 50, 77, 23, 19, 54, 56, 34, 59, 26, 39, 35, 35, 29, 45, 78, 22, 45, 29, 38, 61, 24, 45, 81, 81, 47, 59, 49, 21, 11, 11, 75, 49, 56, 19, 58, 62, 38, 37, 40, 43, 69, 74, 50, 17, 5, 15, 46, 14, 27, 15, 62, 59, 11, 59, 74, 26, 77, 53, 22, 35, 60, 28, 13, 63, 15, 40, 34, 66, 42, 23, 38, 59, 39, 39, 80, 41, 72, 47, 21, 42, 64, 67, 51, 33, 19, 42, 22, 50, 63, 58, 48, 27, 59, 49, 32, 70, 41, 53, 31, 24, 91, 43, 38, 53, 82, 40, 50, 50, 28, 34, 47, 36, 75, 52, 18, 10, 57, 39, 45, 49, 74, 57, 60, 53, 69, 54, 38]
[33, 48, 60, 60, 69, 20, 49, 52, 54, 49, 38, 86, 90, 34, 20, 82, 36, 48, 46, 25, 0, 33, 42, 36, 73, 87, 16, 10, 42, 72, 36, 75, 4, 22, 21, 12, 54, 32, 66, 46, 20, 37, 63, 71, 16, 69, 67, 72, 72, 46, 30, 4, 35, 14, 67, 50, 71, 41, 42, 55, 44, 60, 19, 37, 85, 75, 42, 25, 27, 40, 71, 39, 49, 13, 50, 40, 15, 74, 67, 47, 91, 73, 40, 37, 74, 21, 27, 78, 25, 21, 58, 75, 66, 48, 32, 70, 18, 30, 72, 65, 62, 52, 18, 64, 63, 56, 43, 57, 40, 27, 9, 31, 54, 78, 62, 52, 78, 73, 48, 66, 62, 69, 32, 31, 77, 57, 44, 56, 69, 48, 72, 55, 42, 58, 39, 56, 70, 62, 39, 23, 52, 63, 42, 42, 88, 62, 70, 28, 69, 49, 13]
[45, 55, 80, 82, 81, 52, 28, 61, 25, 38, 71, 86, 90, 2, 40, 81, 26, 22, 69, 20, 33, 0, 73, 47, 62, 97, 39, 32, 70, 73, 53, 77, 35, 52, 50, 38, 34, 61, 95, 22, 52, 49, 40, 81, 20, 55, 98, 99, 50, 75, 44, 31, 17, 25, 93, 69, 74, 15, 73, 80, 58, 32, 38, 62, 86, 94, 68, 7, 15, 23, 53, 24, 42, 30, 79, 72, 21, 76, 93, 18, 95, 68, 10, 54, 78, 20, 33, 80, 8, 53, 34, 86, 39, 34, 56, 79, 50, 56, 98, 49, 90, 67, 38, 55, 84, 84, 69, 43, 13, 57, 36, 63, 81, 72, 67, 32, 75, 59, 51, 90, 56, 71, 51, 44, 107, 62, 58, 73, 98, 60, 63, 70, 48, 33, 65, 52, 94, 71, 12, 30, 76, 37, 64, 67, 93, 77, 80, 59, 89, 73, 43]
[41, 52, 36, 31, 55, 30, 78, 50, 89, 71, 14, 83, 87, 74, 53, 82, 63, 82, 23, 57, 42, 73, 0, 43, 86, 70, 34, 40, 7, 72, 34, 71, 39, 21, 23, 46, 82, 13, 24, 79, 33, 42, 91, 59, 58, 87, 25, 31, 98, 4, 62, 42, 68, 48, 29, 33, 68, 76, 2, 21, 40, 94, 54, 20, 80, 47, 16, 66, 62, 70, 93, 68, 68, 44, 10, 10, 52, 71, 30, 84, 81, 80, 78, 34, 71, 64, 49, 75, 65, 22, 88, 60, 98, 73, 22, 60, 26, 19, 33, 86, 23, 40, 36, 78, 35, 16, 15, 79, 77, 16, 37, 13, 18, 85, 61, 81, 81, 90, 56, 33, 74, 70, 32, 40, 35, 58, 39, 40, 26, 43, 85, 42, 50, 90, 16, 68, 34, 55, 75, 48, 24, 94, 25, 18, 78, 45, 60, 35, 41, 23, 40]
[4, 13, 34, 37, 35, 46, 40, 16, 53, 29, 50, 50, 54, 47, 56, 47, 26, 46, 27, 27, 36, 47, 43, 0, 44, 52, 21, 26, 37, 37, 9, 39, 33, 32, 27, 48, 41, 31, 59, 43, 48, 2, 50, 36, 45, 44, 63, 58, 56, 42, 66, 32, 34, 27, 52, 23, 35, 43, 44, 39, 11, 56, 55, 23, 49, 47, 29, 44, 32, 33, 51, 31, 26, 24, 43, 49, 31, 38, 50, 50, 54, 41, 48, 10, 38, 51, 14, 42, 42, 36, 48, 40, 58, 32, 21, 34, 39, 25, 56, 44, 50, 20, 19, 36, 38, 47, 31, 36, 44, 32, 27, 42, 41, 46, 26, 41, 43, 48, 14, 45, 32, 34, 10, 5, 71, 22, 11, 26, 62, 13, 43, 23, 8, 51, 28, 26, 51, 27, 43, 17, 33, 55, 22, 28, 52, 30, 35, 56, 43, 31, 46]
[47, 35, 65, 71, 50, 88, 36, 38, 48, 25, 95, 32, 34, 61, 91, 26, 39, 45, 67, 50, 73, 62, 86, 44, 0, 56, 62, 64, 80, 26, 52, 31, 72, 76, 71, 84, 30, 75, 99, 43, 90, 45, 31, 46, 74, 9, 103, 95, 27, 85, 99, 68, 46, 59, 88, 59, 31, 48, 88, 77, 47, 44, 90, 66, 34, 72, 71, 64, 52, 39, 18, 39, 23, 60, 85, 93, 61, 30, 86, 50, 46, 13, 55, 52, 32, 78, 46, 32, 62, 79, 35, 50, 41, 28, 65, 43, 81, 69, 91, 16, 88, 51, 59, 9, 69, 87, 73, 19, 51, 76, 66, 86, 81, 13, 31, 32, 19, 7, 31, 78, 12, 25, 55, 48, 110, 31, 48, 55, 102, 45, 2, 51, 36, 39, 71, 18, 84, 40, 51, 49, 71, 38, 63, 70, 44, 55, 44, 98, 71, 69, 85]
[55, 42, 34, 39, 17, 90, 80, 36, 95, 65, 83, 28, 30, 97, 106, 33, 72, 89, 48, 77, 87, 97, 70, 52, 56, 0, 70, 77, 63, 31, 50, 26, 83, 74, 71, 97, 77, 66, 68, 86, 93, 50, 83, 16, 97, 64, 73, 58, 83, 66, 116, 83, 81, 79, 52, 39, 27, 89, 72, 50, 42, 94, 105, 55, 25, 28, 55, 95, 82, 77, 74, 76, 60, 76, 62, 80, 83, 27, 50, 94, 17, 44, 95, 49, 24, 103, 65, 25, 93, 78, 84, 12, 93, 70, 59, 18, 83, 62, 53, 69, 56, 35, 69, 55, 36, 60, 55, 67, 91, 71, 77, 78, 54, 45, 31, 79, 38, 64, 47, 41, 51, 32, 54, 56, 74, 35, 43, 32, 70, 39, 54, 32, 49, 88, 57, 50, 45, 26, 90, 69, 46, 90, 48, 53, 16, 26, 17, 99, 31, 47, 94]
[17, 34, 45, 45, 53, 25, 46, 37, 55, 42, 36, 71, 75, 40, 35, 68, 31, 48, 31, 23, 16, 39, 34, 21, 62, 70, 0, 8, 31, 58, 20, 60, 13, 16, 11, 27, 50, 22, 56, 46, 28, 22, 59, 55, 29, 60, 59, 60, 67, 36, 46, 13, 34, 14, 54, 34, 56, 42, 35, 42, 28, 60, 35, 23, 70, 59, 29, 34, 28, 37, 64, 35, 40, 10, 39, 36, 19, 59, 54, 50, 75, 61, 44, 21, 59, 35, 17, 63, 32, 18, 55, 59, 65, 42, 17, 54, 19, 17, 59, 58, 50, 36, 3, 53, 47, 45, 30, 50, 43, 18, 7, 27, 41, 66, 47, 49, 64, 64, 34, 52, 51, 55, 16, 16, 68, 43, 28, 40, 59, 32, 62, 39, 28, 57, 26, 45, 56, 47, 41, 15, 38, 61, 27, 28, 72, 46, 55, 36, 54, 35, 25]
[23, 38, 53, 53, 60, 25, 42, 43, 50, 41, 40, 76, 80, 33, 30, 72, 28, 44, 39, 19, 10, 32, 40, 26, 64, 77, 8, 0, 38, 62, 27, 65, 8, 21, 17, 22, 47, 29, 63, 41, 27, 28, 56, 61, 21, 60, 65, 67, 65, 43, 40, 6, 30, 8, 62, 42, 61, 37, 41, 49, 35, 56, 29, 31, 75, 67, 36, 26, 22, 34, 63, 32, 40, 4, 47, 41, 12, 64, 62, 44, 81, 64, 38, 28, 64, 27, 18, 68, 25, 21, 52, 66, 61, 40, 25, 60, 21, 25, 67, 57, 58, 43, 9, 55, 55, 52, 38, 49, 37, 24, 4, 32, 49, 69, 52, 46, 68, 64, 38, 60, 52, 59, 23, 21, 75, 48, 34, 48, 66, 38, 63, 46, 32, 53, 34, 47, 64, 53, 35, 14, 46, 58, 35, 36, 78, 53, 61, 35, 62, 43, 22]
[35, 45, 29, 25, 48, 33, 74, 43, 85, 66, 20, 76, 80, 71, 55, 75, 59, 78, 16, 54, 42, 70, 7, 37, 80, 63, 31, 38, 0, 65, 28, 64, 38, 20, 21, 47, 76, 9, 25, 75, 36, 36, 86, 52, 57, 81, 28, 30, 92, 6, 64, 41, 64, 45, 26, 26, 61, 73, 9, 16, 33, 89, 55, 14, 73, 41, 9, 64, 58, 66, 87, 64, 62, 41, 9, 17, 50, 64, 26, 80, 74, 74, 75, 28, 64, 63, 44, 68, 63, 22, 83, 53, 93, 67, 16, 53, 27, 14, 31, 80, 21, 33, 32, 71, 29, 14, 8, 73, 73, 15, 35, 17, 14, 78, 54, 76, 74, 84, 49, 29, 68, 63, 26, 35, 37, 51, 32, 33, 28, 36, 78, 35, 44, 85, 9, 62, 31, 48, 72, 44, 18, 89, 18, 11, 71, 38, 53, 39, 35, 16, 41]
[40, 24, 44, 50, 25, 82, 52, 23, 67, 37, 83, 13, 18, 72, 92, 10, 47, 61, 50, 56, 72, 73, 72, 37, 26, 31, 58, 62, 65, 0, 41, 5, 70, 68, 63, 84, 48, 63, 80, 59, 85, 36, 53, 21, 79, 34, 84, 74, 52, 70, 102, 68, 56, 61, 66, 40, 5, 62, 74, 58, 33, 65, 91, 52, 13, 48, 56, 73, 59, 51, 43, 50, 33, 60, 68, 81, 64, 4, 65, 67, 23, 14, 69, 41, 6, 84, 46, 7, 71, 71, 55, 25, 63, 42, 53, 18, 75, 57, 69, 39, 68, 32, 55, 24, 48, 69, 57, 37, 65, 66, 64, 76, 62, 16, 11, 50, 10, 33, 25, 56, 21, 3, 45, 42, 89, 15, 34, 35, 83, 29, 24, 31, 30, 59, 56, 22, 61, 17, 64, 50, 52, 60, 47, 54, 20, 32, 18, 92, 48, 51, 83]
[9, 18, 27, 29, 33, 42, 49, 18, 62, 38, 43, 53, 58, 53, 56, 51, 34, 55, 18, 34, 36, 53, 34, 9, 52, 50, 20, 27, 28, 41, 0, 42, 33, 27, 22, 47, 50, 23, 50, 51, 45, 8, 59, 35, 48, 53, 54, 49, 65, 34, 66, 33, 42, 30, 43, 16, 38, 51, 36, 30, 9, 65, 55, 14, 51, 41, 20, 49, 39, 42, 60, 39, 35, 27, 34, 41, 35, 41, 42, 58, 56, 47, 55, 1, 41, 54, 21, 45, 47, 30, 57, 39, 67, 41, 13, 34, 34, 17, 48, 53, 40, 16, 19, 44, 30, 38, 22, 45, 52, 25, 27, 35, 32, 52, 30, 50, 49, 56, 22, 37, 40, 38, 4, 9, 62, 26, 8, 21, 53, 12, 51, 19, 16, 60, 19, 34, 42, 27, 51, 23, 24, 64, 13, 19, 53, 26, 35, 51, 36, 22, 45]
[42, 26, 41, 47, 21, 83, 57, 23, 71, 42, 83, 12, 16, 77, 94, 11, 51, 66, 49, 59, 75, 77, 71, 39, 31, 26, 60, 65, 64, 5, 42, 0, 72, 69, 64, 86, 53, 63, 77, 63, 86, 37, 58, 17, 82, 39, 82, 71, 57, 69, 104, 70, 61, 64, 64, 39, 4, 67, 74, 56, 33, 70, 94, 52, 10, 44, 55, 77, 63, 56, 48, 54, 37, 62, 67, 80, 67, 1, 62, 72, 18, 18, 74, 41, 1, 87, 49, 4, 74, 72, 60, 21, 68, 47, 54, 14, 76, 58, 66, 44, 66, 31, 57, 29, 45, 67, 56, 42, 69, 67, 66, 76, 60, 21, 12, 55, 13, 38, 28, 53, 26, 7, 46, 44, 87, 17, 34, 33, 81, 30, 29, 30, 33, 64, 56, 26, 58, 16, 69, 53, 50, 65, 47, 53, 16, 30, 15, 93, 44, 50, 85]
[30, 46, 57, 56, 66, 18, 49, 50, 56, 49, 35, 83, 88, 37, 23, 80, 36, 50, 42, 26, 4, 35, 39, 33, 72, 83, 13, 8, 38, 70, 33, 72, 0, 18, 17, 14, 55, 28, 62, 48, 19, 35, 64, 68, 20, 68, 64, 68, 73, 42, 33, 4, 36, 14, 63, 47, 68, 43, 38, 51, 41, 62, 22, 34, 82, 71, 38, 28, 28, 41, 71, 40, 49, 12, 46, 37, 16, 71, 63, 49, 88, 72, 43, 34, 72, 25, 26, 76, 28, 17, 59, 72, 67, 48, 28, 67, 15, 26, 68, 65, 58, 49, 15, 63, 59, 52, 39, 57, 42, 23, 6, 28, 50, 77, 60, 53, 76, 73, 46, 62, 61, 67, 29, 28, 74, 55, 41, 53, 65, 45, 71, 52, 40, 59, 35, 55, 66, 59, 41, 22, 49, 65, 39, 38, 85, 58, 67, 27, 65, 46, 14]
[29, 44, 44, 42, 57, 16, 61, 45, 70, 57, 20, 80, 85, 54, 35, 78, 47, 64, 28, 39, 22, 52, 21, 32, 76, 74, 16, 21, 20, 68, 27, 69, 18, 0, 5, 27, 65, 11, 44, 61, 19, 33, 75, 60, 38, 75, 46, 50, 83, 24, 45, 21, 49, 28, 46, 35, 65, 57, 21, 35, 35, 75, 36, 20, 78, 57, 22, 46, 43, 53, 79, 51, 55, 24, 28, 21, 32, 68, 46, 64, 82, 73, 59, 27, 68, 43, 33, 72, 45, 4, 71, 63, 80, 57, 16, 60, 9, 12, 51, 73, 41, 40, 18, 67, 45, 34, 23, 65, 57, 5, 17, 12, 33, 78, 57, 64, 75, 78, 46, 47, 64, 65, 23, 28, 56, 52, 34, 42, 47, 39, 75, 43, 40, 72, 20, 58, 50, 54, 56, 31, 34, 77, 26, 23, 79, 48, 60, 25, 51, 31, 22]
[24, 39, 41, 40, 54, 19, 57, 41, 67, 52, 25, 76, 80, 51, 37, 73, 42, 60, 26, 35, 21, 50, 23, 27, 71, 71, 11, 17, 21, 63, 22, 64, 17, 5, 0, 28, 61, 11, 46, 57, 23, 28, 70, 56, 36, 70, 48, 51, 78, 25, 47, 20, 45, 25, 46, 32, 60, 54, 23, 34, 31, 71, 37, 17, 74, 55, 21, 43, 39, 49, 74, 47, 50, 21, 29, 25, 29, 64, 46, 61, 78, 68, 55, 23, 64, 42, 28, 68, 42, 8, 67, 59, 76, 53, 12, 56, 12, 9, 51, 68, 41, 36, 14, 62, 43, 35, 22, 60, 54, 7, 14, 16, 33, 73, 52, 60, 70, 73, 41, 46, 59, 60, 18, 23, 58, 48, 30, 39, 49, 34, 70, 39, 35, 68, 18, 53, 49, 49, 52, 26, 32, 73, 23, 22, 75, 45, 56, 29, 49, 29, 24]
[44, 60, 69, 68, 80, 17, 58, 64, 61, 60, 39, 97, 102, 39, 9, 94, 47, 56, 54, 35, 12, 38, 46, 48, 84, 97, 27, 22, 47, 84, 47, 86, 14, 27, 28, 0, 64, 38, 70, 55, 16, 49, 72, 82, 17, 80, 70, 77, 82, 50, 19, 16, 44, 25, 73, 60, 82, 49, 45, 62, 55, 68, 9, 46, 96, 84, 49, 30, 36, 50, 81, 49, 61, 25, 55, 42, 24, 85, 73, 54, 102, 85, 47, 48, 86, 21, 39, 90, 31, 25, 67, 86, 74, 59, 40, 81, 20, 38, 78, 76, 68, 62, 29, 75, 71, 61, 50, 68, 48, 32, 21, 34, 60, 90, 74, 62, 89, 84, 59, 74, 74, 81, 43, 43, 81, 69, 55, 66, 72, 59, 84, 65, 54, 67, 47, 68, 77, 74, 46, 35, 60, 72, 51, 50, 99, 72, 81, 22, 78, 58, 7]
[42, 40, 73, 77, 65, 73, 7, 47, 19, 13, 85, 59, 62, 33, 69, 53, 19, 15, 68, 29, 54, 34, 82, 41, 30, 77, 50, 47, 76, 48, 50, 53, 55, 65, 61, 64, 0, 69, 100, 13, 74, 43, 9, 63, 50, 21, 103, 99, 18, 82, 76, 50, 20, 40, 92, 63, 51, 19, 83, 80, 50, 17, 68, 64, 60, 84, 70, 38, 28, 14, 18, 15, 18, 43, 84, 85, 40, 52, 91, 21, 71, 39, 26, 51, 54, 52, 33, 55, 37, 67, 8, 68, 17, 9, 60, 60, 68, 63, 97, 15, 91, 57, 47, 25, 77, 88, 72, 11, 22, 68, 51, 77, 82, 42, 47, 3, 46, 25, 34, 85, 27, 46, 50, 42, 112, 43, 50, 64, 103, 50, 31, 59, 36, 11, 68, 27, 91, 54, 22, 35, 74, 14, 63, 69, 68, 65, 61, 82, 81, 72, 67]
[28, 41, 33, 31, 49, 26, 66, 40, 76, 59, 20, 75, 79, 62, 46, 73, 51, 69, 18, 45, 32, 61, 13, 31, 75, 66, 22, 29, 9, 63, 23, 63, 28, 11, 11, 38, 69, 0, 34, 66, 29, 30, 78, 52, 48, 75, 37, 39, 85, 14, 56, 31, 55, 36, 35, 27, 60, 64, 14, 24, 30, 81, 47, 11, 72, 47, 12, 55, 49, 57, 81, 55, 56, 31, 18, 18, 40, 63, 35, 71, 75, 70, 66, 23, 62, 54, 36, 66, 53, 14, 75, 55, 85, 60, 10, 53, 19, 6, 40, 74, 30, 33, 23, 66, 34, 24, 12, 66, 64, 6, 26, 13, 22, 75, 52, 68, 71, 78, 44, 36, 63, 61, 20, 28, 47, 48, 29, 34, 38, 34, 74, 35, 39, 77, 9, 57, 39, 47, 63, 35, 23, 81, 17, 13, 72, 39, 53, 33, 41, 20, 33]
[58, 64, 36, 30, 57, 53, 98, 60, 110, 88, 33, 88, 91, 96, 76, 89, 83, 102, 32, 78, 66, 95, 24, 59, 99, 68, 56, 63, 25, 80, 50, 77, 62, 44, 46, 70, 100, 34, 0, 99, 56, 58, 109, 61, 82, 101, 5, 12, 115, 20, 85, 65, 89, 70, 16, 40, 75, 97, 24, 22, 52, 113, 77, 36, 84, 40, 30, 89, 83, 90, 109, 88, 84, 66, 17, 29, 75, 78, 17, 105, 82, 90, 100, 49, 76, 87, 68, 80, 88, 45, 107, 61, 117, 91, 41, 64, 50, 39, 17, 102, 12, 48, 57, 91, 33, 12, 28, 95, 98, 39, 60, 36, 18, 95, 70, 100, 89, 104, 70, 26, 87, 78, 49, 58, 12, 68, 52, 45, 4, 54, 97, 48, 65, 109, 32, 82, 23, 62, 97, 69, 28, 113, 37, 31, 80, 48, 64, 56, 36, 30, 63]
[43, 46, 77, 80, 72, 66, 7, 53, 10, 22, 81, 70, 74, 20, 59, 65, 17, 3, 69, 22, 46, 22, 79, 43, 43, 86, 46, 41, 75, 59, 51, 63, 48, 61, 57, 55, 13, 66, 99, 0, 66, 45, 18, 71, 39, 35, 103, 101, 29, 81, 64, 43, 12, 34, 94, 66, 61, 6, 80, 81, 53, 14, 57, 64, 71, 89, 70, 26, 19, 10, 31, 12, 26, 37, 83, 82, 32, 62, 93, 8, 81, 51, 13, 52, 64, 41, 31, 66, 25, 62, 13, 76, 20, 16, 59, 68, 62, 61, 99, 28, 92, 62, 43, 37, 81, 88, 71, 24, 9, 64, 45, 73, 83, 54, 55, 11, 58, 39, 40, 88, 39, 56, 50, 42, 112, 51, 53, 68, 103, 54, 44, 64, 40, 12, 68, 37, 93, 61, 9, 31, 76, 17, 64, 69, 79, 71, 69, 74, 85, 73, 59]
[45, 61, 62, 60, 76, 4, 69, 63, 74, 68, 24, 98, 102, 54, 20, 95, 55, 68, 47, 45, 20, 52, 33, 48, 90, 93, 28, 27, 36, 85, 45, 86, 19, 19, 23, 16, 74, 29, 56, 66, 0, 49, 83, 79, 33, 87, 56, 65, 92, 38, 29, 24, 55, 34, 62, 54, 83, 61, 32, 52, 54, 80, 22, 39, 96, 76, 41, 45, 47, 60, 90, 59, 67, 31, 43, 27, 35, 86, 62, 68, 100, 89, 60, 45, 86, 36, 44, 90, 44, 16, 78, 82, 86, 67, 35, 79, 11, 31, 66, 84, 56, 59, 31, 81, 63, 49, 41, 76, 60, 23, 24, 20, 50, 94, 74, 72, 92, 91, 62, 64, 78, 82, 41, 44, 66, 70, 53, 62, 58, 57, 89, 62, 56, 78, 38, 73, 67, 72, 59, 41, 52, 84, 45, 42, 98, 67, 79, 8, 70, 49, 9]
[5, 12, 32, 35, 33, 46, 41, 15, 55, 30, 50, 49, 53, 49, 57, 46, 28, 48, 25, 29, 37, 49, 42, 2, 45, 50, 22, 28, 36, 36, 8, 37, 35, 33, 28, 49, 43, 30, 58, 45, 49, 0, 52, 34, 47, 45, 62, 57, 57, 42, 67, 33, 36, 29, 50, 22, 34, 45, 44, 38, 9, 57, 57, 22, 47, 45, 28, 46, 34, 35, 51, 33, 27, 26, 42, 49, 33, 37, 49, 52, 53, 40, 50, 9, 37, 53, 16, 41, 44, 36, 50, 38, 60, 33, 20, 32, 39, 24, 55, 45, 48, 18, 20, 36, 36, 46, 30, 37, 46, 32, 28, 42, 40, 45, 25, 43, 43, 48, 14, 43, 32, 33, 10, 6, 69, 21, 9, 24, 61, 11, 43, 21, 8, 52, 27, 26, 49, 25, 45, 19, 31, 56, 21, 27, 50, 28, 33, 56, 41, 29, 47]
[51, 48, 82, 86, 72, 81, 14, 55, 18, 21, 95, 62, 65, 38, 77, 56, 28, 18, 77, 38, 63, 40, 91, 50, 31, 83, 59, 56, 86, 53, 59, 58, 64, 75, 70, 72, 9, 78, 109, 18, 83, 52, 0, 70, 57, 22, 113, 108, 10, 92, 83, 59, 28, 49, 101, 72, 57, 25, 92, 89, 58, 13, 75, 73, 64, 92, 79, 45, 36, 23, 15, 24, 26, 52, 93, 95, 48, 57, 100, 23, 75, 42, 30, 60, 59, 59, 43, 60, 43, 77, 5, 75, 10, 18, 69, 66, 77, 72, 106, 15, 100, 66, 56, 29, 86, 97, 81, 17, 27, 77, 60, 86, 91, 44, 53, 10, 49, 25, 42, 94, 32, 51, 60, 51, 121, 50, 59, 72, 113, 58, 33, 68, 45, 8, 77, 34, 99, 61, 28, 44, 83, 7, 72, 78, 73, 73, 67, 91, 89, 81, 76]
[39, 26, 25, 31, 4, 75, 65, 20, 80, 50, 71, 26, 30, 81, 90, 28, 56, 74, 36, 61, 71, 81, 59, 36, 46, 16, 55, 61, 52, 21, 35, 17, 68, 60, 56, 82, 63, 52, 61, 71, 79, 34, 70, 0, 81, 53, 66, 54, 71, 56, 100, 67, 65, 63, 47, 26, 16, 73, 61, 41, 26, 80, 90, 41, 23, 27, 43, 79, 66, 62, 62, 60, 45, 60, 53, 68, 67, 18, 45, 79, 22, 35, 79, 34, 16, 87, 49, 19, 77, 64, 71, 5, 80, 55, 44, 4, 68, 48, 49, 57, 49, 20, 53, 42, 28, 52, 43, 53, 75, 57, 61, 65, 45, 38, 17, 65, 31, 53, 31, 36, 38, 21, 39, 40, 70, 20, 27, 19, 64, 23, 44, 17, 33, 74, 44, 36, 41, 10, 74, 53, 35, 76, 35, 41, 20, 14, 3, 85, 27, 36, 79]
[42, 56, 74, 74, 80, 33, 44, 61, 45, 49, 54, 92, 96, 22, 20, 88, 35, 40, 60, 24, 16, 20, 58, 45, 74, 97, 29, 21, 57, 79, 48, 82, 20, 38, 36, 17, 50, 48, 82, 39, 33, 47, 57, 81, 0, 68, 83, 87, 67, 61, 26, 17, 30, 18, 82, 63, 78, 33, 58, 70, 55, 51, 18, 52, 91, 88, 57, 13, 22, 36, 68, 36, 51, 21, 66, 56, 14, 81, 82, 38, 99, 77, 30, 49, 82, 6, 33, 85, 14, 37, 52, 85, 58, 46, 46, 79, 33, 45, 88, 63, 78, 64, 30, 66, 77, 72, 58, 56, 31, 42, 23, 47, 69, 82, 70, 48, 82, 73, 54, 81, 65, 76, 44, 41, 93, 65, 55, 69, 84, 58, 74, 67, 49, 51, 54, 60, 85, 72, 30, 29, 67, 56, 56, 57, 96, 74, 80, 39, 83, 64, 23]
[47, 37, 69, 75, 56, 85, 28, 42, 39, 19, 94, 41, 43, 53, 86, 35, 34, 36, 69, 45, 69, 55, 87, 44, 9, 64, 60, 60, 81, 34, 53, 39, 68, 75, 70, 80, 21, 75, 101, 35, 87, 45, 22, 53, 68, 0, 106, 98, 18, 87, 94, 65, 39, 55, 91, 62, 38, 40, 89, 80, 49, 35, 85, 67, 43, 78, 73, 58, 46, 32, 9, 32, 20, 56, 87, 93, 56, 38, 90, 42, 54, 21, 47, 53, 40, 72, 43, 40, 56, 77, 25, 57, 31, 22, 65, 49, 79, 69, 95, 7, 91, 54, 57, 11, 74, 90, 74, 12, 43, 76, 63, 86, 83, 22, 37, 24, 28, 4, 32, 82, 15, 32, 55, 47, 113, 35, 50, 59, 105, 47, 11, 55, 37, 30, 72, 19, 88, 45, 43, 46, 73, 29, 64, 71, 52, 59, 50, 95, 76, 72, 82]
[62, 69, 41, 35, 62, 53, 101, 65, 113, 92, 33, 93, 96, 99, 77, 94, 86, 106, 37, 81, 67, 98, 25, 63, 103, 73, 59, 65, 28, 84, 54, 82, 64, 46, 48, 70, 103, 37, 5, 103, 56, 62, 113, 66, 83, 106, 0, 16, 119, 22, 85, 67, 92, 73, 20, 45, 80, 100, 25, 26, 57, 117, 78, 40, 89, 45, 33, 91, 86, 93, 113, 91, 88, 68, 20, 29, 77, 83, 22, 108, 87, 95, 103, 53, 81, 89, 71, 85, 90, 46, 110, 66, 120, 94, 44, 69, 51, 42, 21, 106, 17, 53, 60, 96, 38, 16, 32, 99, 101, 41, 62, 37, 23, 100, 74, 103, 94, 108, 74, 31, 92, 83, 53, 62, 10, 73, 56, 49, 3, 59, 102, 53, 69, 112, 35, 86, 28, 67, 99, 72, 33, 117, 41, 35, 85, 53, 68, 55, 41, 34, 64]
[58, 62, 30, 24, 50, 61, 98, 57, 111, 87, 43, 80, 84, 100, 84, 82, 84, 104, 32, 81, 72, 99, 31, 58, 95, 58, 60, 67, 30, 74, 49, 71, 68, 50, 51, 77, 99, 39, 12, 101, 65, 57, 108, 54, 87, 98, 16, 0, 113, 27, 94, 70, 90, 74, 7, 37, 69, 99, 33, 19, 50, 114, 85, 38, 77, 30, 31, 93, 86, 91, 106, 89, 83, 70, 22, 39, 79, 71, 9, 107, 73, 85, 103, 49, 70, 93, 69, 73, 92, 52, 107, 53, 117, 90, 43, 57, 57, 43, 5, 100, 9, 44, 61, 88, 26, 16, 30, 93, 100, 45, 65, 44, 18, 89, 64, 100, 83, 100, 67, 18, 84, 72, 50, 59, 16, 64, 49, 39, 13, 51, 93, 44, 64, 109, 34, 79, 13, 56, 99, 71, 25, 113, 37, 32, 71, 41, 56, 65, 27, 28, 71]
[57, 52, 85, 90, 73, 91, 24, 58, 28, 27, 103, 59, 61, 48, 87, 53, 37, 29, 82, 47, 72, 50, 98, 56, 27, 83, 67, 65, 92, 52, 65, 57, 73, 83, 78, 82, 18, 85, 115, 29, 92, 57, 10, 71, 67, 18, 119, 113, 0, 98, 93, 69, 38, 59, 106, 76, 56, 35, 99, 94, 63, 22, 85, 79, 61, 95, 85, 55, 46, 32, 9, 33, 31, 61, 99, 103, 58, 56, 105, 34, 73, 39, 41, 66, 58, 69, 50, 58, 54, 85, 16, 75, 16, 26, 76, 67, 86, 79, 110, 14, 105, 69, 65, 28, 89, 103, 87, 20, 38, 85, 69, 94, 97, 40, 54, 20, 46, 20, 46, 98, 32, 51, 66, 58, 127, 52, 64, 75, 118, 62, 29, 71, 50, 18, 84, 35, 103, 62, 38, 52, 88, 15, 78, 84, 71, 76, 68, 100, 92, 86, 85]
[41, 51, 32, 27, 52, 34, 79, 48, 91, 71, 18, 80, 85, 76, 57, 80, 64, 83, 20, 59, 46, 75, 4, 42, 85, 66, 36, 43, 6, 70, 34, 69, 42, 24, 25, 50, 82, 14, 20, 81, 38, 42, 92, 56, 61, 87, 22, 27, 98, 0, 66, 45, 69, 50, 24, 30, 66, 78, 6, 17, 39, 95, 58, 19, 78, 43, 14, 69, 64, 71, 93, 69, 68, 46, 5, 14, 55, 69, 25, 85, 78, 79, 80, 33, 68, 67, 50, 72, 68, 25, 89, 57, 99, 73, 22, 57, 30, 20, 29, 86, 19, 38, 38, 77, 31, 11, 13, 79, 78, 19, 40, 17, 13, 84, 59, 82, 79, 90, 55, 29, 73, 68, 32, 40, 32, 56, 38, 37, 23, 41, 84, 39, 50, 91, 15, 68, 30, 53, 77, 50, 21, 95, 23, 16, 75, 41, 57, 39, 37, 20, 44]
[62, 78, 88, 87, 99, 32, 69, 82, 69, 75, 52, 115, 119, 46, 10, 111, 61, 65, 73, 49, 30, 44, 62, 66, 99, 116, 46, 40, 64, 102, 66, 104, 33, 45, 47, 19, 76, 56, 85, 64, 29, 67, 83, 100, 26, 94, 85, 94, 93, 66, 0, 34, 56, 41, 90, 79, 100, 58, 61, 80, 74, 76, 11, 64, 114, 102, 68, 38, 48, 62, 94, 62, 76, 42, 72, 56, 38, 103, 91, 62, 120, 102, 54, 67, 104, 24, 56, 108, 39, 42, 78, 104, 83, 72, 59, 99, 37, 56, 95, 89, 85, 81, 48, 91, 90, 78, 68, 82, 56, 50, 39, 49, 78, 106, 92, 74, 106, 98, 77, 92, 90, 99, 62, 61, 95, 87, 73, 85, 87, 77, 99, 84, 72, 76, 65, 84, 95, 92, 55, 52, 79, 81, 70, 68, 117, 91, 100, 31, 96, 76, 23]
[28, 44, 57, 57, 66, 22, 45, 48, 51, 45, 40, 81, 86, 33, 24, 78, 32, 45, 43, 21, 4, 31, 42, 32, 68, 83, 13, 6, 41, 68, 33, 70, 4, 21, 20, 16, 50, 31, 65, 43, 24, 33, 59, 67, 17, 65, 67, 70, 69, 45, 34, 0, 32, 10, 65, 47, 67, 38, 42, 53, 40, 57, 23, 35, 80, 72, 40, 24, 24, 37, 67, 35, 45, 9, 49, 41, 12, 70, 65, 45, 86, 69, 38, 34, 70, 23, 23, 74, 23, 21, 55, 71, 63, 44, 29, 66, 19, 28, 71, 61, 61, 48, 14, 59, 60, 55, 41, 53, 38, 26, 6, 32, 52, 74, 58, 49, 73, 69, 43, 64, 58, 65, 29, 27, 77, 53, 40, 53, 68, 44, 68, 51, 38, 55, 37, 52, 68, 58, 36, 19, 50, 60, 40, 40, 83, 58, 66, 32, 66, 47, 17]
[33, 39, 68, 71, 66, 54, 14, 46, 21, 21, 69, 69, 73, 16, 49, 64, 9, 14, 59, 11, 35, 17, 68, 34, 46, 81, 34, 30, 64, 56, 42, 61, 36, 49, 45, 44, 20, 55, 89, 12, 55, 36, 28, 65, 30, 39, 92, 90, 38, 69, 56, 32, 0, 22, 84, 57, 58, 9, 69, 71, 45, 26, 47, 53, 69, 81, 59, 19, 8, 7, 38, 7, 24, 26, 72, 70, 20, 60, 83, 16, 79, 51, 14, 43, 61, 33, 21, 64, 17, 51, 23, 70, 31, 17, 48, 63, 50, 50, 89, 34, 81, 54, 32, 38, 72, 77, 61, 27, 10, 52, 33, 61, 72, 55, 51, 18, 57, 43, 35, 79, 38, 54, 40, 32, 101, 46, 45, 60, 92, 46, 46, 56, 33, 23, 57, 35, 84, 55, 9, 20, 66, 28, 54, 58, 76, 63, 64, 63, 77, 63, 48]
[24, 38, 57, 58, 62, 32, 35, 43, 42, 36, 48, 74, 79, 26, 32, 70, 22, 36, 44, 11, 14, 25, 48, 27, 59, 79, 14, 8, 45, 61, 30, 64, 14, 28, 25, 25, 40, 36, 70, 34, 34, 29, 49, 63, 18, 55, 73, 74, 59, 50, 41, 10, 22, 0, 68, 46, 60, 29, 48, 56, 37, 48, 31, 37, 74, 71, 43, 19, 14, 27, 57, 25, 36, 4, 54, 49, 5, 63, 68, 36, 81, 61, 30, 31, 64, 24, 15, 67, 18, 29, 45, 67, 53, 34, 31, 61, 28, 31, 73, 51, 65, 46, 13, 50, 60, 59, 44, 43, 29, 32, 11, 40, 56, 65, 52, 39, 65, 59, 36, 65, 49, 58, 27, 22, 82, 47, 37, 51, 73, 40, 59, 49, 31, 45, 40, 43, 70, 53, 28, 11, 51, 50, 40, 42, 78, 56, 62, 42, 66, 49, 27]
[52, 55, 23, 17, 43, 58, 91, 49, 104, 80, 42, 74, 77, 94, 81, 75, 77, 97, 25, 75, 67, 93, 29, 52, 88, 52, 54, 62, 26, 66, 43, 64, 63, 46, 46, 73, 92, 35, 16, 94, 62, 50, 101, 47, 82, 91, 20, 7, 106, 24, 90, 65, 84, 68, 0, 30, 62, 93, 30, 13, 43, 107, 81, 32, 70, 25, 26, 88, 80, 84, 99, 82, 76, 64, 19, 38, 73, 64, 2, 100, 67, 78, 97, 42, 63, 88, 63, 66, 86, 48, 100, 46, 110, 83, 37, 50, 53, 37, 5, 93, 6, 37, 55, 81, 19, 13, 25, 86, 94, 41, 60, 42, 13, 82, 57, 93, 76, 93, 60, 11, 77, 65, 44, 52, 23, 57, 42, 32, 18, 44, 86, 36, 57, 102, 29, 72, 8, 49, 93, 64, 19, 106, 30, 26, 65, 34, 49, 63, 21, 21, 68]
[25, 25, 11, 14, 23, 51, 63, 20, 77, 51, 45, 50, 54, 69, 68, 50, 49, 69, 10, 49, 50, 69, 33, 23, 59, 39, 34, 42, 26, 40, 16, 39, 47, 35, 32, 60, 63, 27, 40, 66, 54, 22, 72, 26, 63, 62, 45, 37, 76, 30, 79, 47, 57, 46, 30, 0, 36, 66, 35, 19, 14, 79, 68, 16, 48, 25, 17, 65, 55, 56, 70, 54, 46, 42, 28, 42, 51, 39, 28, 73, 48, 50, 71, 15, 38, 69, 37, 42, 63, 39, 71, 28, 81, 54, 20, 27, 44, 23, 34, 63, 29, 8, 34, 51, 15, 29, 17, 57, 67, 32, 41, 39, 22, 55, 30, 64, 50, 64, 30, 22, 47, 38, 19, 25, 51, 28, 13, 7, 44, 14, 57, 9, 27, 74, 18, 42, 27, 23, 66, 39, 12, 77, 9, 15, 46, 13, 27, 60, 20, 11, 56]
[39, 23, 39, 45, 20, 80, 54, 20, 69, 39, 80, 15, 20, 74, 91, 14, 48, 64, 46, 56, 71, 74, 68, 35, 31, 27, 56, 61, 61, 5, 38, 4, 68, 65, 60, 82, 51, 60, 75, 61, 83, 34, 57, 16, 78, 38, 80, 69, 56, 66, 100, 67, 58, 60, 62, 36, 0, 64, 70, 54, 30, 68, 90, 49, 14, 43, 52, 73, 60, 53, 47, 51, 35, 59, 64, 77, 64, 3, 60, 69, 21, 18, 71, 38, 4, 84, 45, 7, 71, 69, 58, 20, 67, 44, 50, 13, 72, 54, 64, 42, 63, 28, 54, 28, 43, 65, 53, 40, 66, 63, 62, 73, 58, 21, 9, 53, 15, 38, 24, 51, 24, 5, 42, 40, 84, 13, 31, 30, 78, 26, 28, 27, 29, 62, 52, 24, 56, 13, 66, 50, 47, 63, 43, 50, 18, 28, 13, 89, 43, 47, 81]
[42, 47, 77, 80, 74, 61, 13, 54, 13, 25, 77, 74, 78, 13, 53, 69, 17, 7, 68, 19, 41, 15, 76, 43, 48, 89, 42, 37, 73, 62, 51, 67, 43, 57, 54, 49, 19, 64, 97, 6, 61, 45, 25, 73, 33, 40, 100, 99, 35, 78, 58, 38, 9, 29, 93, 66, 64, 0, 77, 80, 53, 19, 51, 62, 75, 90, 68, 20, 15, 11, 38, 13, 30, 33, 81, 78, 27, 66, 92, 7, 85, 56, 7, 52, 67, 34, 30, 70, 19, 59, 19, 78, 25, 21, 57, 70, 57, 58, 98, 34, 90, 62, 40, 42, 81, 86, 70, 29, 3, 61, 41, 69, 81, 59, 58, 17, 62, 45, 42, 88, 43, 60, 49, 41, 110, 53, 54, 68, 101, 55, 49, 65, 41, 18, 66, 40, 93, 63, 3, 29, 75, 23, 63, 67, 82, 72, 71, 69, 86, 72, 53]
[42, 54, 38, 34, 57, 29, 79, 52, 90, 72, 12, 85, 89, 74, 52, 84, 64, 83, 25, 58, 42, 73, 2, 44, 88, 72, 35, 41, 9, 74, 36, 74, 38, 21, 23, 45, 83, 14, 24, 80, 32, 44, 92, 61, 58, 89, 25, 33, 99, 6, 61, 42, 69, 48, 30, 35, 70, 77, 0, 23, 42, 94, 53, 22, 82, 49, 18, 66, 62, 71, 95, 69, 69, 44, 12, 8, 52, 73, 31, 84, 83, 82, 79, 36, 73, 63, 50, 77, 65, 21, 89, 62, 99, 74, 23, 62, 25, 20, 35, 88, 25, 42, 37, 80, 37, 17, 17, 80, 77, 16, 37, 12, 20, 87, 63, 82, 83, 92, 57, 35, 76, 72, 34, 42, 35, 60, 41, 42, 27, 45, 87, 44, 52, 91, 18, 70, 36, 58, 76, 49, 26, 95, 27, 20, 81, 47, 62, 33, 43, 25, 39]
[39, 43, 16, 11, 37, 48, 79, 39, 92, 68, 35, 67, 71, 81, 70, 68, 64, 84, 12, 62, 55, 80, 21, 39, 77, 50, 42, 49, 16, 58, 30, 56, 51, 35, 34, 62, 80, 24, 22, 81, 52, 38, 89, 41, 70, 80, 26, 19, 94, 17, 80, 53, 71, 56, 13, 19, 54, 80, 23, 0, 31, 95, 70, 19, 64, 25, 13, 75, 67, 72, 88, 69, 64, 51, 13, 31, 60, 57, 12, 87, 63, 69, 84, 29, 55, 76, 50, 59, 73, 37, 87, 42, 97, 71, 25, 43, 43, 25, 18, 81, 11, 27, 42, 70, 14, 11, 12, 74, 81, 30, 47, 33, 4, 73, 48, 80, 68, 82, 49, 13, 66, 57, 31, 39, 32, 47, 31, 23, 25, 33, 76, 27, 45, 90, 16, 61, 15, 41, 80, 51, 7, 94, 17, 13, 61, 27, 43, 55, 20, 8, 57]
[13, 12, 24, 27, 25, 50, 49, 10, 63, 37, 50, 45, 49, 58, 64, 43, 36, 56, 20, 38, 44, 58, 40, 11, 47, 42, 28, 35, 33, 33, 9, 33, 41, 35, 31, 55, 50, 30, 52, 53, 54, 9, 58, 26, 55, 49, 57, 50, 63, 39, 74, 40, 45, 37, 43, 14, 30, 53, 42, 31, 0, 65, 63, 20, 43, 36, 25, 55, 43, 43, 56, 41, 33, 34, 38, 48, 42, 33, 42, 60, 47, 40, 59, 8, 33, 61, 25, 37, 52, 39, 57, 31, 67, 40, 21, 25, 43, 25, 48, 50, 42, 9, 27, 39, 28, 41, 26, 43, 55, 34, 35, 43, 34, 45, 22, 50, 41, 51, 17, 36, 35, 30, 13, 15, 64, 18, 1, 15, 56, 4, 45, 12, 14, 60, 24, 30, 41, 19, 54, 28, 25, 64, 16, 23, 44, 19, 26, 60, 32, 23, 53]
[56, 56, 89, 93, 82, 80, 16, 63, 7, 30, 95, 75, 78, 30, 72, 69, 30, 12, 82, 37, 60, 32, 94, 56, 44, 94, 60, 56, 89, 65, 65, 70, 62, 75, 71, 68, 17, 81, 113, 14, 80, 57, 13, 80, 51, 35, 117, 114, 22, 95, 76, 57, 26, 48, 107, 79, 68, 19, 94, 95, 65, 0, 69, 77, 77, 101, 84, 38, 34, 23, 28, 25, 35, 52, 97, 96, 46, 69, 106, 14, 87, 55, 22, 65, 71, 52, 45, 72, 37, 77, 10, 85, 7, 25, 73, 77, 76, 75, 112, 28, 105, 73, 58, 41, 93, 101, 85, 28, 20, 78, 59, 87, 96, 57, 64, 16, 62, 38, 51, 101, 44, 63, 64, 56, 125, 60, 66, 80, 117, 66, 46, 76, 52, 6, 81, 44, 106, 71, 22, 45, 89, 7, 77, 82, 85, 82, 78, 88, 97, 86, 72]
[52, 67, 78, 77, 88, 24, 61, 71, 63, 65, 45, 104, 109, 40, 2, 101, 51, 58, 63, 40, 19, 38, 54, 55, 90, 105, 35, 29, 55, 91, 55, 94, 22, 36, 37, 9, 68, 47, 77, 57, 22, 57, 75, 90, 18, 85, 78, 85, 85, 58, 11, 23, 47, 31, 81, 68, 90, 51, 53, 70, 63, 69, 0, 54, 103, 92, 58, 31, 40, 54, 86, 53, 66, 31, 63, 49, 29, 93, 82, 56, 110, 91, 48, 56, 93, 18, 45, 97, 32, 33, 70, 94, 76, 63, 49, 89, 28, 46, 86, 80, 76, 71, 37, 81, 80, 69, 59, 73, 49, 41, 28, 41, 69, 96, 81, 65, 96, 89, 66, 82, 80, 88, 51, 50, 88, 76, 63, 75, 80, 67, 90, 74, 61, 69, 55, 74, 86, 81, 48, 41, 69, 74, 60, 59, 107, 80, 89, 26, 86, 66, 14]
[22, 32, 24, 23, 38, 35, 62, 30, 74, 52, 31, 64, 68, 62, 54, 63, 47, 67, 8, 43, 37, 62, 20, 23, 66, 55, 23, 31, 14, 52, 14, 52, 34, 20, 17, 46, 64, 11, 36, 64, 39, 22, 73, 41, 52, 67, 40, 38, 79, 19, 64, 35, 53, 37, 32, 16, 49, 62, 22, 19, 20, 77, 54, 0, 61, 38, 6, 56, 48, 54, 74, 52, 49, 33, 20, 28, 42, 52, 31, 69, 64, 60, 65, 14, 51, 58, 32, 56, 55, 23, 71, 44, 81, 55, 6, 42, 29, 8, 37, 67, 28, 22, 24, 58, 25, 24, 8, 60, 63, 16, 29, 24, 19, 65, 41, 64, 61, 70, 36, 29, 54, 50, 13, 22, 48, 38, 19, 23, 40, 23, 65, 24, 30, 73, 4, 48, 33, 36, 61, 33, 15, 77, 6, 5, 61, 28, 42, 44, 32, 12, 42]
[52, 36, 48, 54, 27, 93, 64, 33, 79, 50, 92, 4, 7, 85, 104, 9, 60, 74, 58, 69, 85, 86, 80, 49, 34, 25, 70, 75, 73, 13, 51, 10, 82, 78, 74, 96, 60, 72, 84, 71, 96, 47, 64, 23, 91, 43, 89, 77, 61, 78, 114, 80, 69, 74, 70, 48, 14, 75, 82, 64, 43, 77, 103, 61, 0, 48, 64, 86, 72, 64, 52, 63, 45, 72, 75, 89, 77, 11, 68, 79, 11, 22, 82, 51, 10, 97, 59, 6, 84, 82, 66, 24, 74, 55, 63, 21, 86, 67, 72, 49, 72, 40, 67, 35, 51, 75, 65, 49, 78, 76, 76, 85, 68, 22, 22, 62, 15, 42, 38, 59, 33, 16, 55, 54, 93, 27, 44, 41, 88, 39, 32, 38, 42, 71, 65, 35, 64, 25, 77, 63, 58, 71, 56, 62, 10, 37, 21, 103, 50, 58, 95]
[49, 44, 14, 16, 23, 72, 85, 38, 99, 71, 61, 52, 55, 94, 92, 55, 73, 92, 30, 74, 75, 94, 47, 47, 72, 28, 59, 67, 41, 48, 41, 44, 71, 57, 55, 84, 84, 47, 40, 89, 76, 45, 92, 27, 88, 78, 45, 30, 95, 43, 102, 72, 81, 71, 25, 25, 43, 90, 49, 25, 36, 101, 92, 38, 48, 0, 35, 90, 79, 80, 87, 77, 66, 67, 38, 57, 76, 45, 23, 97, 44, 61, 95, 40, 43, 94, 61, 46, 88, 60, 92, 24, 102, 75, 43, 30, 66, 46, 25, 81, 29, 28, 59, 67, 13, 34, 35, 76, 91, 53, 66, 58, 29, 64, 41, 85, 57, 79, 50, 14, 63, 48, 44, 50, 46, 42, 36, 21, 43, 35, 70, 25, 49, 95, 38, 59, 17, 33, 90, 64, 24, 98, 32, 34, 42, 19, 29, 79, 6, 26, 79]
[28, 37, 22, 19, 39, 37, 68, 34, 80, 59, 29, 67, 71, 68, 58, 66, 53, 73, 7, 50, 42, 68, 16, 29, 71, 55, 29, 36, 9, 56, 20, 55, 38, 22, 21, 49, 70, 12, 30, 70, 41, 28, 79, 43, 57, 73, 33, 31, 85, 14, 68, 40, 59, 43, 26, 17, 52, 68, 18, 13, 25, 84, 58, 6, 64, 35, 0, 62, 55, 60, 80, 58, 55, 38, 14, 25, 48, 55, 25, 75, 65, 65, 72, 20, 54, 63, 39, 59, 60, 25, 77, 45, 87, 61, 12, 44, 31, 12, 31, 73, 22, 24, 29, 63, 22, 18, 1, 66, 69, 18, 34, 23, 13, 70, 45, 70, 65, 76, 41, 25, 59, 54, 20, 28, 42, 42, 24, 24, 33, 27, 70, 26, 36, 79, 3, 54, 28, 39, 68, 39, 11, 83, 9, 2, 63, 29, 44, 45, 29, 9, 45]
[41, 53, 76, 77, 79, 45, 32, 59, 31, 40, 64, 86, 90, 9, 33, 81, 26, 27, 64, 17, 25, 7, 66, 44, 64, 95, 34, 26, 64, 73, 49, 77, 28, 46, 43, 30, 38, 55, 89, 26, 45, 46, 45, 79, 13, 58, 91, 93, 55, 69, 38, 24, 19, 19, 88, 65, 73, 20, 66, 75, 55, 38, 31, 56, 86, 90, 62, 0, 14, 26, 57, 26, 42, 24, 73, 66, 15, 76, 87, 24, 94, 69, 16, 50, 77, 14, 30, 80, 2, 46, 39, 84, 45, 36, 50, 77, 43, 51, 93, 52, 84, 64, 33, 57, 79, 78, 63, 46, 18, 50, 29, 56, 75, 74, 66, 36, 75, 62, 49, 85, 57, 70, 46, 40, 101, 61, 54, 69, 92, 57, 65, 67, 46, 38, 59, 52, 89, 69, 17, 26, 71, 43, 59, 62, 92, 74, 77, 52, 85, 68, 36]
[30, 40, 66, 68, 66, 46, 22, 46, 28, 27, 62, 72, 76, 15, 41, 68, 13, 21, 55, 5, 27, 15, 62, 32, 52, 82, 28, 22, 58, 59, 39, 63, 28, 43, 39, 36, 28, 49, 83, 19, 47, 34, 36, 66, 22, 46, 86, 86, 46, 64, 48, 24, 8, 14, 80, 55, 60, 15, 62, 67, 43, 34, 40, 48, 72, 79, 55, 14, 0, 14, 46, 14, 29, 18, 67, 63, 12, 62, 79, 22, 81, 56, 17, 40, 64, 26, 18, 66, 11, 44, 31, 71, 39, 24, 43, 64, 43, 44, 85, 41, 76, 52, 26, 44, 69, 72, 56, 34, 15, 46, 26, 54, 68, 60, 52, 26, 62, 50, 36, 75, 43, 57, 36, 29, 95, 48, 43, 58, 87, 45, 52, 55, 33, 31, 52, 39, 80, 56, 13, 16, 62, 36, 50, 54, 78, 62, 65, 55, 75, 59, 40]
[33, 36, 67, 70, 63, 59, 9, 43, 20, 15, 73, 64, 67, 22, 56, 58, 7, 13, 59, 15, 40, 23, 70, 33, 39, 77, 37, 34, 66, 51, 42, 56, 41, 53, 49, 50, 14, 57, 90, 10, 60, 35, 23, 62, 36, 32, 93, 91, 32, 71, 62, 37, 7, 27, 84, 56, 53, 11, 71, 72, 43, 23, 54, 54, 64, 80, 60, 26, 14, 0, 32, 2, 19, 30, 74, 73, 26, 55, 83, 17, 74, 45, 18, 43, 56, 39, 22, 59, 24, 55, 18, 67, 27, 11, 50, 59, 54, 52, 89, 27, 82, 52, 35, 32, 71, 78, 62, 20, 14, 55, 37, 64, 73, 49, 47, 12, 52, 37, 31, 78, 32, 49, 41, 32, 102, 42, 44, 58, 94, 44, 40, 55, 31, 19, 58, 30, 84, 52, 13, 22, 66, 24, 54, 59, 71, 61, 60, 68, 76, 63, 53]
[52, 45, 78, 83, 65, 88, 25, 50, 33, 23, 99, 50, 52, 51, 87, 44, 35, 32, 76, 46, 71, 53, 93, 51, 18, 74, 64, 63, 87, 43, 60, 48, 71, 79, 74, 81, 18, 81, 109, 31, 90, 51, 15, 62, 68, 9, 113, 106, 9, 93, 94, 67, 38, 57, 99, 70, 47, 38, 95, 88, 56, 28, 86, 74, 52, 87, 80, 57, 46, 32, 0, 32, 25, 59, 94, 98, 57, 47, 98, 38, 64, 30, 44, 60, 49, 71, 47, 49, 55, 82, 20, 67, 23, 23, 71, 59, 83, 74, 103, 7, 98, 62, 61, 20, 82, 97, 81, 15, 40, 81, 66, 91, 90, 31, 46, 21, 37, 11, 39, 91, 24, 42, 61, 53, 120, 44, 57, 68, 112, 55, 20, 64, 44, 23, 78, 28, 96, 54, 41, 49, 81, 21, 72, 78, 62, 68, 59, 98, 85, 79, 84]
[31, 34, 65, 68, 61, 57, 10, 41, 22, 14, 71, 62, 66, 23, 55, 57, 5, 15, 57, 14, 39, 24, 68, 31, 39, 76, 35, 32, 64, 50, 39, 54, 40, 51, 47, 49, 15, 55, 88, 12, 59, 33, 24, 60, 36, 32, 91, 89, 33, 69, 62, 35, 7, 25, 82, 54, 51, 13, 69, 69, 41, 25, 53, 52, 63, 77, 58, 26, 14, 2, 32, 0, 17, 28, 71, 71, 25, 53, 81, 19, 72, 44, 20, 40, 55, 39, 20, 57, 24, 53, 20, 65, 29, 10, 47, 57, 53, 50, 87, 27, 80, 50, 33, 31, 69, 76, 60, 20, 15, 54, 36, 63, 71, 48, 45, 14, 50, 37, 29, 76, 31, 47, 39, 30, 100, 40, 41, 56, 91, 42, 39, 52, 28, 21, 56, 28, 81, 50, 15, 20, 64, 26, 52, 57, 70, 59, 58, 67, 73, 61, 52]
[27, 22, 55, 60, 47, 65, 20, 29, 35, 5, 74, 45, 48, 40, 68, 39, 16, 29, 52, 27, 49, 42, 68, 26, 23, 60, 40, 40, 62, 33, 35, 37, 49, 55, 50, 61, 18, 56, 84, 26, 67, 27, 26, 45, 51, 20, 88, 83, 31, 68, 76, 45, 24, 36, 76, 46, 35, 30, 69, 64, 33, 35, 66, 49, 45, 66, 55, 42, 29, 19, 25, 17, 0, 37, 69, 73, 38, 36, 74, 35, 55, 27, 37, 35, 38, 55, 23, 40, 40, 57, 26, 50, 35, 10, 46, 42, 59, 49, 80, 18, 74, 40, 37, 15, 60, 72, 56, 11, 32, 56, 43, 66, 66, 31, 29, 19, 33, 24, 16, 68, 14, 30, 36, 28, 96, 25, 33, 46, 88, 32, 23, 42, 19, 29, 53, 11, 73, 36, 32, 26, 57, 32, 47, 53, 53, 47, 43, 75, 63, 55, 62]
[21, 36, 53, 54, 59, 29, 38, 41, 46, 37, 44, 73, 77, 30, 32, 69, 24, 40, 40, 15, 13, 30, 44, 24, 60, 76, 10, 4, 41, 60, 27, 62, 12, 24, 21, 25, 43, 31, 66, 37, 31, 26, 52, 60, 21, 56, 68, 70, 61, 46, 42, 9, 26, 4, 64, 42, 59, 33, 44, 51, 34, 52, 31, 33, 72, 67, 38, 24, 18, 30, 59, 28, 37, 0, 49, 45, 9, 62, 64, 40, 79, 60, 35, 28, 62, 27, 14, 66, 22, 25, 48, 64, 57, 36, 27, 59, 25, 27, 69, 53, 60, 42, 9, 51, 56, 55, 40, 45, 33, 28, 8, 36, 51, 65, 50, 42, 65, 61, 35, 61, 49, 57, 23, 20, 78, 45, 34, 48, 69, 37, 59, 46, 30, 49, 35, 43, 66, 51, 32, 10, 47, 54, 36, 38, 76, 52, 59, 39, 62, 44, 25]
[42, 50, 28, 23, 49, 40, 81, 47, 93, 72, 24, 78, 82, 80, 62, 78, 66, 86, 18, 62, 50, 79, 10, 43, 85, 62, 39, 47, 9, 68, 34, 67, 46, 28, 29, 55, 84, 18, 17, 83, 43, 42, 93, 53, 66, 87, 20, 22, 99, 5, 72, 49, 72, 54, 19, 28, 64, 81, 12, 13, 38, 97, 63, 20, 75, 38, 14, 73, 67, 74, 94, 71, 69, 49, 0, 19, 58, 67, 20, 88, 75, 78, 84, 34, 66, 71, 52, 70, 71, 30, 91, 54, 100, 75, 24, 54, 35, 22, 24, 87, 13, 36, 41, 77, 27, 6, 13, 80, 81, 23, 44, 23, 9, 83, 58, 84, 78, 90, 55, 24, 73, 66, 33, 42, 29, 55, 37, 34, 20, 41, 83, 37, 50, 93, 16, 68, 25, 51, 80, 52, 17, 97, 22, 16, 72, 38, 54, 44, 32, 17, 49]
[46, 59, 46, 41, 65, 25, 82, 58, 91, 76, 4, 92, 96, 74, 48, 91, 67, 84, 32, 59, 40, 72, 10, 49, 93, 80, 36, 41, 17, 81, 41, 80, 37, 21, 25, 42, 85, 18, 29, 82, 27, 49, 95, 68, 56, 93, 29, 39, 103, 14, 56, 41, 70, 49, 38, 42, 77, 78, 8, 31, 48, 96, 49, 28, 89, 57, 25, 66, 63, 73, 98, 71, 73, 45, 19, 0, 52, 80, 39, 85, 90, 88, 79, 41, 79, 61, 52, 84, 65, 20, 91, 70, 101, 77, 28, 69, 23, 24, 42, 92, 32, 49, 39, 84, 45, 24, 25, 84, 78, 18, 37, 9, 28, 93, 69, 85, 89, 96, 63, 43, 81, 78, 38, 46, 39, 66, 47, 49, 31, 51, 92, 51, 57, 93, 25, 75, 44, 64, 76, 51, 34, 97, 34, 27, 88, 54, 69, 26, 51, 33, 35]
[28, 42, 62, 63, 66, 34, 34, 47, 40, 37, 51, 78, 82, 22, 30, 74, 23, 34, 49, 11, 15, 21, 52, 31, 61, 83, 19, 12, 50, 64, 35, 67, 16, 32, 29, 24, 40, 40, 75, 32, 35, 33, 48, 67, 14, 56, 77, 79, 58, 55, 38, 12, 20, 5, 73, 51, 64, 27, 52, 60, 42, 46, 29, 42, 77, 76, 48, 15, 12, 26, 57, 25, 38, 9, 58, 52, 0, 67, 73, 33, 85, 63, 27, 36, 68, 20, 19, 71, 13, 33, 44, 72, 52, 35, 36, 65, 31, 36, 78, 52, 69, 50, 18, 52, 65, 64, 49, 44, 26, 36, 15, 43, 60, 68, 56, 38, 68, 60, 40, 70, 51, 62, 32, 27, 87, 51, 41, 56, 78, 45, 61, 54, 35, 44, 45, 46, 75, 58, 25, 14, 56, 49, 45, 47, 82, 61, 66, 43, 71, 53, 27]
[42, 26, 41, 48, 22, 83, 56, 23, 70, 41, 83, 12, 17, 76, 94, 11, 51, 65, 49, 59, 74, 76, 71, 38, 30, 27, 59, 64, 64, 4, 41, 1, 71, 68, 64, 85, 52, 63, 78, 62, 86, 37, 57, 18, 81, 38, 83, 71, 56, 69, 103, 70, 60, 63, 64, 39, 3, 66, 73, 57, 33, 69, 93, 52, 11, 45, 55, 76, 62, 55, 47, 53, 36, 62, 67, 80, 67, 0, 62, 71, 19, 17, 73, 41, 2, 86, 48, 4, 74, 72, 59, 21, 67, 46, 53, 15, 76, 58, 67, 43, 66, 31, 57, 28, 45, 67, 56, 41, 68, 66, 65, 76, 60, 20, 12, 54, 13, 37, 27, 53, 25, 6, 45, 43, 87, 16, 34, 33, 81, 29, 28, 30, 32, 63, 56, 25, 59, 16, 68, 52, 50, 64, 46, 53, 16, 30, 15, 93, 45, 50, 84]
[51, 53, 21, 15, 41, 59, 90, 48, 103, 79, 43, 72, 75, 93, 81, 73, 76, 96, 24, 74, 67, 93, 30, 50, 86, 50, 54, 62, 26, 65, 42, 62, 63, 46, 46, 73, 91, 35, 17, 93, 62, 49, 100, 45, 82, 90, 22, 9, 105, 25, 91, 65, 83, 68, 2, 28, 60, 92, 31, 12, 42, 106, 82, 31, 68, 23, 25, 87, 79, 83, 98, 81, 74, 64, 20, 39, 73, 62, 0, 99, 65, 76, 96, 41, 61, 88, 62, 64, 86, 49, 99, 44, 109, 82, 37, 48, 54, 37, 6, 91, 7, 36, 55, 79, 17, 14, 24, 85, 93, 41, 59, 42, 13, 81, 55, 92, 74, 92, 59, 9, 75, 64, 43, 51, 25, 55, 41, 31, 20, 42, 84, 35, 55, 101, 28, 70, 6, 47, 92, 64, 17, 105, 29, 26, 63, 32, 48, 64, 19, 20, 68]
[49, 53, 84, 87, 80, 67, 15, 60, 7, 30, 84, 78, 82, 16, 58, 73, 24, 6, 75, 26, 47, 18, 84, 50, 50, 94, 50, 44, 80, 67, 58, 72, 49, 64, 61, 54, 21, 71, 105, 8, 68, 52, 23, 79, 38, 42, 108, 107, 34, 85, 62, 45, 16, 36, 100, 73, 69, 7, 84, 87, 60, 14, 56, 69, 79, 97, 75, 24, 22, 17, 38, 19, 35, 40, 88, 85, 33, 71, 99, 0, 89, 59, 8, 59, 72, 38, 37, 74, 24, 65, 18, 84, 21, 25, 64, 76, 64, 66, 105, 35, 97, 69, 48, 45, 88, 93, 77, 32, 7, 68, 48, 76, 88, 62, 63, 18, 66, 46, 48, 95, 47, 65, 56, 48, 117, 59, 60, 75, 108, 61, 52, 72, 48, 15, 73, 45, 100, 69, 9, 36, 82, 20, 70, 74, 87, 78, 77, 75, 92, 79, 59]
[58, 43, 47, 52, 26, 97, 75, 38, 89, 60, 94, 14, 14, 95, 110, 20, 69, 84, 59, 77, 91, 95, 81, 54, 46, 17, 75, 81, 74, 23, 56, 18, 88, 82, 78, 102, 71, 75, 82, 81, 100, 53, 75, 22, 99, 54, 87, 73, 73, 78, 120, 86, 79, 81, 67, 48, 21, 85, 83, 63, 47, 87, 110, 64, 11, 44, 65, 94, 81, 74, 64, 72, 55, 79, 75, 90, 85, 19, 65, 89, 0, 33, 92, 55, 17, 104, 66, 15, 92, 85, 77, 21, 85, 65, 66, 22, 90, 70, 68, 60, 70, 42, 73, 46, 49, 74, 66, 59, 87, 79, 81, 88, 67, 33, 29, 73, 26, 53, 45, 56, 43, 25, 60, 59, 89, 34, 48, 41, 85, 43, 43, 40, 49, 81, 66, 44, 60, 28, 87, 70, 57, 82, 57, 63, 3, 36, 21, 107, 46, 58, 100]
[44, 29, 55, 61, 38, 86, 44, 31, 58, 30, 90, 20, 23, 67, 93, 14, 43, 53, 59, 53, 73, 68, 80, 41, 13, 44, 61, 64, 74, 14, 47, 18, 72, 73, 68, 85, 39, 70, 90, 51, 89, 40, 42, 35, 77, 21, 95, 85, 39, 79, 102, 69, 51, 61, 78, 50, 18, 56, 82, 69, 40, 55, 91, 60, 22, 61, 65, 69, 56, 45, 30, 44, 27, 60, 78, 88, 63, 17, 76, 59, 33, 0, 63, 47, 20, 82, 46, 19, 67, 76, 45, 38, 52, 35, 60, 31, 79, 64, 81, 27, 79, 42, 58, 14, 60, 79, 66, 28, 58, 72, 66, 82, 72, 5, 21, 41, 7, 20, 27, 68, 13, 13, 50, 45, 101, 23, 41, 46, 94, 37, 10, 42, 33, 49, 64, 17, 74, 29, 58, 50, 62, 49, 56, 63, 31, 44, 32, 96, 60, 61, 85]
[46, 53, 82, 84, 80, 60, 20, 60, 15, 33, 78, 81, 85, 8, 50, 76, 23, 12, 72, 22, 40, 10, 78, 48, 55, 95, 44, 38, 75, 69, 55, 74, 43, 59, 55, 47, 26, 66, 100, 13, 60, 50, 30, 79, 30, 47, 103, 103, 41, 80, 54, 38, 14, 30, 97, 71, 71, 7, 79, 84, 59, 22, 48, 65, 82, 95, 72, 16, 17, 18, 44, 20, 37, 35, 84, 79, 27, 73, 96, 8, 92, 63, 0, 56, 74, 30, 34, 77, 16, 59, 25, 84, 29, 28, 60, 77, 58, 61, 102, 41, 93, 67, 43, 49, 85, 89, 73, 36, 4, 62, 42, 70, 85, 66, 64, 23, 69, 52, 48, 92, 50, 67, 53, 46, 112, 60, 59, 74, 103, 60, 56, 70, 47, 23, 69, 48, 97, 69, 5, 32, 79, 27, 67, 71, 89, 77, 78, 68, 91, 76, 52]
[10, 18, 26, 28, 32, 42, 49, 18, 63, 39, 43, 53, 57, 54, 56, 51, 35, 55, 17, 35, 37, 54, 34, 10, 52, 49, 21, 28, 28, 41, 1, 41, 34, 27, 23, 48, 51, 23, 49, 52, 45, 9, 60, 34, 49, 53, 53, 49, 66, 33, 67, 34, 43, 31, 42, 15, 38, 52, 36, 29, 8, 65, 56, 14, 51, 40, 20, 50, 40, 43, 60, 40, 35, 28, 34, 41, 36, 41, 41, 59, 55, 47, 56, 0, 41, 55, 22, 45, 48, 31, 58, 38, 68, 42, 13, 33, 35, 17, 47, 53, 40, 15, 20, 44, 29, 37, 21, 46, 53, 26, 28, 35, 31, 52, 29, 51, 49, 56, 22, 36, 40, 38, 5, 10, 61, 25, 7, 20, 53, 12, 51, 18, 17, 61, 18, 34, 41, 27, 52, 24, 23, 65, 12, 18, 52, 25, 34, 52, 35, 21, 45]
[42, 26, 40, 46, 20, 83, 58, 23, 72, 43, 82, 12, 17, 77, 94, 12, 52, 67, 48, 60, 74, 78, 71, 38, 32, 24, 59, 64, 64, 6, 41, 1, 72, 68, 64, 86, 54, 62, 76, 64, 86, 37, 59, 16, 82, 40, 81, 70, 58, 68, 104, 70, 61, 64, 63, 38, 4, 67, 73, 55, 33, 71, 93, 51, 10, 43, 54, 77, 64, 56, 49, 55, 38, 62, 66, 79, 68, 2, 61, 72, 17, 20, 74, 41, 0, 87, 49, 4, 75, 72, 61, 19, 69, 48, 53, 13, 76, 57, 65, 45, 64, 30, 57, 30, 44, 66, 55, 43, 70, 66, 65, 75, 59, 22, 12, 56, 15, 39, 28, 52, 27, 8, 45, 43, 85, 17, 34, 32, 80, 29, 30, 29, 33, 65, 55, 27, 57, 15, 69, 53, 49, 66, 46, 52, 15, 29, 13, 93, 43, 49, 85]
[48, 62, 80, 80, 86, 37, 46, 67, 45, 53, 58, 97, 101, 22, 21, 93, 39, 41, 66, 28, 21, 20, 64, 51, 78, 103, 35, 27, 63, 84, 54, 87, 25, 43, 42, 21, 52, 54, 87, 41, 36, 53, 59, 87, 6, 72, 89, 93, 69, 67, 24, 23, 33, 24, 88, 69, 84, 34, 63, 76, 61, 52, 18, 58, 97, 94, 63, 14, 26, 39, 71, 39, 55, 27, 71, 61, 20, 86, 88, 38, 104, 82, 30, 55, 87, 0, 38, 90, 16, 42, 54, 91, 59, 50, 52, 85, 38, 51, 93, 66, 84, 70, 36, 70, 83, 77, 64, 59, 32, 48, 29, 52, 75, 86, 75, 50, 87, 76, 59, 87, 69, 81, 50, 47, 99, 70, 61, 75, 90, 64, 78, 73, 55, 52, 60, 64, 91, 77, 31, 34, 73, 57, 62, 63, 102, 80, 86, 42, 89, 70, 27]
[12, 23, 48, 50, 49, 42, 30, 29, 42, 24, 53, 59, 64, 33, 47, 55, 15, 34, 38, 13, 27, 33, 49, 14, 46, 65, 17, 18, 44, 46, 21, 49, 26, 33, 28, 39, 33, 36, 68, 31, 44, 16, 43, 49, 33, 43, 71, 69, 50, 50, 56, 23, 21, 15, 63, 37, 45, 30, 50, 50, 25, 45, 45, 32, 59, 61, 39, 30, 18, 22, 47, 20, 23, 14, 52, 52, 19, 48, 62, 37, 66, 46, 34, 22, 49, 38, 0, 52, 28, 35, 39, 54, 49, 25, 28, 47, 36, 30, 68, 40, 60, 34, 14, 37, 51, 56, 40, 32, 31, 34, 20, 44, 51, 51, 37, 32, 50, 47, 21, 58, 35, 43, 19, 11, 80, 32, 25, 40, 72, 27, 45, 37, 17, 41, 36, 29, 63, 39, 30, 4, 45, 46, 33, 37, 63, 44, 48, 52, 57, 42, 40]
[46, 30, 44, 50, 23, 87, 59, 27, 74, 44, 86, 8, 13, 80, 98, 9, 55, 69, 52, 63, 78, 80, 75, 42, 32, 25, 63, 68, 68, 7, 45, 4, 76, 72, 68, 90, 55, 66, 80, 66, 90, 41, 60, 19, 85, 40, 85, 73, 58, 72, 108, 74, 64, 67, 66, 42, 7, 70, 77, 59, 37, 72, 97, 56, 6, 46, 59, 80, 66, 59, 49, 57, 40, 66, 70, 84, 71, 4, 64, 74, 15, 19, 77, 45, 4, 90, 52, 0, 78, 76, 62, 22, 70, 49, 57, 16, 80, 61, 69, 45, 68, 34, 61, 31, 47, 70, 59, 44, 72, 70, 69, 79, 63, 20, 16, 58, 13, 39, 31, 55, 28, 10, 49, 47, 89, 21, 38, 36, 83, 33, 29, 33, 36, 66, 59, 29, 60, 19, 72, 57, 53, 67, 50, 57, 13, 32, 17, 97, 46, 53, 88]
[39, 50, 74, 75, 76, 44, 30, 57, 31, 38, 63, 84, 88, 9, 34, 79, 24, 26, 62, 15, 25, 8, 65, 42, 62, 93, 32, 25, 63, 71, 47, 74, 28, 45, 42, 31, 37, 53, 88, 25, 44, 44, 43, 77, 14, 56, 90, 92, 54, 68, 39, 23, 17, 18, 86, 63, 71, 19, 65, 73, 52, 37, 32, 55, 84, 88, 60, 2, 11, 24, 55, 24, 40, 22, 71, 65, 13, 74, 86, 24, 92, 67, 16, 48, 75, 16, 28, 78, 0, 45, 38, 81, 44, 34, 49, 74, 42, 49, 91, 51, 82, 61, 31, 55, 77, 77, 62, 44, 17, 49, 28, 55, 73, 71, 64, 34, 73, 60, 47, 83, 54, 68, 44, 38, 100, 59, 52, 67, 91, 55, 63, 64, 44, 37, 58, 50, 87, 67, 16, 24, 69, 42, 58, 60, 89, 72, 75, 52, 83, 66, 36]
[32, 48, 47, 45, 61, 12, 63, 49, 72, 59, 19, 84, 88, 54, 33, 82, 48, 65, 31, 40, 21, 53, 22, 36, 79, 78, 18, 21, 22, 71, 30, 72, 17, 4, 8, 25, 67, 14, 45, 62, 16, 36, 77, 64, 37, 77, 46, 52, 85, 25, 42, 21, 51, 29, 48, 39, 69, 59, 21, 37, 39, 77, 33, 23, 82, 60, 25, 46, 44, 55, 82, 53, 57, 25, 30, 20, 33, 72, 49, 65, 85, 76, 59, 31, 72, 42, 35, 76, 45, 0, 73, 67, 82, 59, 19, 64, 5, 16, 53, 75, 43, 44, 21, 70, 48, 36, 26, 67, 58, 8, 18, 11, 36, 81, 60, 66, 79, 81, 49, 50, 67, 69, 27, 31, 57, 56, 38, 46, 48, 42, 78, 46, 43, 74, 23, 61, 52, 57, 57, 33, 37, 79, 30, 26, 83, 52, 64, 21, 55, 34, 19]
[49, 47, 81, 85, 73, 77, 10, 54, 14, 21, 91, 65, 68, 33, 72, 59, 25, 13, 75, 34, 58, 34, 88, 48, 35, 84, 55, 52, 83, 55, 57, 60, 59, 71, 67, 67, 8, 75, 107, 13, 78, 50, 5, 71, 52, 25, 110, 107, 16, 89, 78, 55, 23, 45, 100, 71, 58, 19, 89, 87, 57, 10, 70, 71, 66, 92, 77, 39, 31, 18, 20, 20, 26, 48, 91, 91, 44, 59, 99, 18, 77, 45, 25, 58, 61, 54, 39, 62, 38, 73, 0, 76, 10, 17, 67, 67, 73, 69, 104, 19, 98, 65, 53, 31, 85, 95, 78, 18, 22, 74, 56, 83, 89, 47, 54, 7, 52, 29, 42, 93, 34, 53, 57, 49, 119, 51, 58, 71, 110, 57, 36, 67, 44, 4, 75, 34, 98, 61, 23, 40, 81, 6, 70, 76, 75, 73, 68, 86, 89, 79, 71]
[43, 31, 25, 31, 6, 79, 70, 25, 85, 55, 73, 28, 31, 86, 94, 31, 61, 79, 38, 66, 75, 86, 60, 40, 50, 12, 59, 66, 53, 25, 39, 21, 72, 63, 59, 86, 68, 55, 61, 76, 82, 38, 75, 5, 85, 57, 66, 53, 75, 57, 104, 71, 70, 67, 46, 28, 20, 78, 62, 42, 31, 85, 94, 44, 24, 24, 45, 84, 71, 67, 67, 65, 50, 64, 54, 70, 72, 21, 44, 84, 21, 38, 84, 38, 19, 91, 54, 22, 81, 67, 76, 0, 85, 60, 48, 8, 72, 51, 48, 61, 49, 23, 57, 47, 28, 52, 45, 58, 80, 60, 65, 68, 46, 41, 22, 70, 34, 57, 36, 35, 43, 25, 43, 45, 69, 25, 31, 21, 64, 27, 48, 21, 38, 79, 46, 41, 40, 15, 79, 58, 36, 81, 37, 43, 19, 16, 7, 88, 25, 37, 83]
[59, 57, 91, 95, 82, 85, 19, 64, 14, 30, 100, 72, 75, 37, 78, 66, 34, 18, 85, 42, 66, 39, 98, 58, 41, 93, 65, 61, 93, 63, 67, 68, 67, 80, 76, 74, 17, 85, 117, 20, 86, 60, 10, 80, 58, 31, 120, 117, 16, 99, 83, 63, 31, 53, 110, 81, 67, 25, 99, 97, 67, 7, 76, 81, 74, 102, 87, 45, 39, 27, 23, 29, 35, 57, 100, 101, 52, 67, 109, 21, 85, 52, 29, 68, 69, 59, 49, 70, 44, 82, 10, 85, 0, 27, 76, 76, 81, 79, 114, 25, 108, 75, 62, 39, 95, 105, 88, 27, 27, 83, 64, 92, 99, 54, 63, 17, 59, 34, 51, 103, 42, 61, 67, 59, 129, 60, 68, 81, 120, 67, 42, 77, 54, 8, 85, 43, 108, 71, 28, 50, 91, 4, 80, 86, 83, 83, 77, 94, 98, 89, 79]
[33, 31, 64, 68, 57, 65, 10, 38, 25, 5, 77, 54, 57, 33, 65, 48, 12, 19, 59, 23, 48, 34, 73, 32, 28, 70, 42, 40, 67, 42, 41, 47, 48, 57, 53, 59, 9, 60, 91, 16, 67, 33, 18, 55, 46, 22, 94, 90, 26, 73, 72, 44, 17, 34, 83, 54, 44, 21, 74, 71, 40, 25, 63, 55, 55, 75, 61, 36, 24, 11, 23, 10, 10, 36, 75, 77, 35, 46, 82, 25, 65, 35, 28, 42, 48, 50, 25, 49, 34, 59, 17, 60, 27, 0, 51, 52, 60, 54, 88, 17, 81, 48, 39, 21, 68, 79, 62, 10, 23, 59, 43, 69, 73, 39, 39, 10, 42, 26, 25, 76, 22, 40, 41, 33, 103, 35, 41, 55, 94, 41, 29, 51, 27, 20, 59, 20, 82, 46, 23, 27, 65, 23, 54, 59, 62, 57, 53, 75, 72, 62, 61]
[19, 31, 29, 28, 42, 31, 57, 31, 69, 49, 30, 65, 70, 57, 49, 64, 42, 62, 14, 38, 32, 56, 22, 21, 65, 59, 17, 25, 16, 53, 13, 54, 28, 16, 12, 40, 60, 10, 41, 59, 35, 20, 69, 44, 46, 65, 44, 43, 76, 22, 59, 29, 48, 31, 37, 20, 50, 57, 23, 25, 21, 73, 49, 6, 63, 43, 12, 50, 43, 50, 71, 47, 46, 27, 24, 28, 36, 53, 37, 64, 66, 60, 60, 13, 53, 52, 28, 57, 49, 19, 67, 48, 76, 51, 0, 44, 24, 4, 42, 64, 34, 24, 18, 56, 31, 29, 13, 57, 57, 13, 23, 22, 25, 65, 42, 60, 62, 68, 34, 35, 53, 51, 10, 18, 53, 38, 20, 27, 44, 24, 64, 27, 29, 69, 9, 47, 39, 38, 56, 28, 21, 73, 11, 11, 64, 33, 45, 40, 38, 18, 36]
[37, 24, 27, 33, 7, 75, 62, 18, 77, 47, 72, 24, 28, 78, 89, 25, 54, 71, 37, 59, 70, 79, 60, 34, 43, 18, 54, 60, 53, 18, 34, 14, 67, 60, 56, 81, 60, 53, 64, 68, 79, 32, 66, 4, 79, 49, 69, 57, 67, 57, 99, 66, 63, 61, 50, 27, 13, 70, 62, 43, 25, 77, 89, 42, 21, 30, 44, 77, 64, 59, 59, 57, 42, 59, 54, 69, 65, 15, 48, 76, 22, 31, 77, 33, 13, 85, 47, 16, 74, 64, 67, 8, 76, 52, 44, 0, 68, 48, 52, 53, 52, 20, 52, 39, 31, 54, 44, 50, 72, 57, 60, 66, 47, 34, 13, 62, 27, 50, 28, 39, 35, 18, 38, 39, 73, 17, 26, 20, 67, 22, 41, 18, 31, 71, 45, 33, 44, 8, 72, 51, 37, 73, 35, 42, 19, 16, 1, 85, 30, 37, 79]
[35, 51, 52, 50, 66, 7, 63, 53, 70, 60, 21, 88, 92, 52, 27, 85, 49, 64, 36, 39, 18, 50, 26, 39, 81, 83, 19, 21, 27, 75, 34, 76, 15, 9, 12, 20, 68, 19, 50, 62, 11, 39, 77, 68, 33, 79, 51, 57, 86, 30, 37, 19, 50, 28, 53, 44, 72, 57, 25, 43, 43, 76, 28, 29, 86, 66, 31, 43, 43, 54, 83, 53, 59, 25, 35, 23, 31, 76, 54, 64, 90, 79, 58, 35, 76, 38, 36, 80, 42, 5, 73, 72, 81, 60, 24, 68, 0, 21, 58, 77, 48, 48, 22, 72, 53, 41, 31, 68, 57, 13, 17, 14, 41, 84, 64, 66, 82, 83, 52, 55, 69, 72, 30, 34, 61, 60, 42, 51, 52, 47, 80, 51, 46, 73, 28, 64, 58, 62, 55, 34, 42, 78, 35, 32, 87, 57, 69, 17, 60, 39, 14]
[22, 35, 32, 30, 46, 28, 60, 35, 71, 52, 26, 70, 74, 57, 46, 68, 45, 64, 16, 39, 30, 56, 19, 25, 69, 62, 17, 25, 14, 57, 17, 58, 26, 12, 9, 38, 63, 6, 39, 61, 31, 24, 72, 48, 45, 69, 42, 43, 79, 20, 56, 28, 50, 31, 37, 23, 54, 58, 20, 25, 25, 75, 46, 8, 67, 46, 12, 51, 44, 52, 74, 50, 49, 27, 22, 24, 36, 58, 37, 66, 70, 64, 61, 17, 57, 51, 30, 61, 49, 16, 69, 51, 79, 54, 4, 48, 21, 0, 43, 68, 33, 28, 18, 60, 33, 28, 13, 60, 59, 9, 22, 18, 25, 69, 46, 62, 66, 72, 38, 36, 57, 55, 14, 22, 51, 43, 24, 30, 42, 28, 67, 31, 32, 71, 9, 51, 40, 43, 57, 30, 23, 75, 14, 12, 68, 36, 49, 36, 40, 20, 34]
[56, 59, 26, 21, 45, 63, 96, 53, 109, 85, 46, 76, 79, 99, 86, 77, 82, 102, 30, 80, 72, 98, 33, 56, 91, 53, 59, 67, 31, 69, 48, 66, 68, 51, 51, 78, 97, 40, 17, 99, 66, 55, 106, 49, 88, 95, 21, 5, 110, 29, 95, 71, 89, 73, 5, 34, 64, 98, 35, 18, 48, 112, 86, 37, 72, 25, 31, 93, 85, 89, 103, 87, 80, 69, 24, 42, 78, 67, 6, 105, 68, 81, 102, 47, 65, 93, 68, 69, 91, 53, 104, 48, 114, 88, 42, 52, 58, 43, 0, 97, 10, 41, 60, 85, 22, 18, 30, 91, 99, 46, 65, 46, 18, 85, 61, 97, 79, 97, 64, 13, 80, 68, 49, 57, 21, 60, 47, 36, 18, 48, 89, 40, 61, 107, 34, 76, 8, 52, 98, 69, 23, 111, 35, 31, 67, 37, 52, 68, 23, 26, 72]
[46, 38, 72, 76, 59, 82, 21, 44, 32, 16, 92, 47, 49, 47, 82, 41, 29, 30, 70, 41, 65, 49, 86, 44, 16, 69, 58, 57, 80, 39, 53, 44, 65, 73, 68, 76, 15, 74, 102, 28, 84, 45, 15, 57, 63, 7, 106, 100, 14, 86, 89, 61, 34, 51, 93, 63, 42, 34, 88, 81, 50, 28, 80, 67, 49, 81, 73, 52, 41, 27, 7, 27, 18, 53, 87, 92, 52, 43, 91, 35, 60, 27, 41, 53, 45, 66, 40, 45, 51, 75, 19, 61, 25, 17, 64, 53, 77, 68, 97, 0, 92, 56, 55, 15, 76, 90, 74, 8, 37, 74, 60, 84, 84, 29, 40, 18, 34, 11, 33, 84, 18, 37, 54, 46, 114, 38, 51, 62, 106, 49, 17, 57, 37, 23, 72, 21, 90, 48, 37, 43, 75, 22, 65, 71, 58, 62, 54, 92, 78, 73, 78]
[49, 54, 24, 18, 45, 53, 89, 49, 102, 78, 36, 76, 79, 90, 75, 77, 75, 95, 23, 72, 62, 90, 23, 50, 88, 56, 50, 58, 21, 68, 40, 66, 58, 41, 41, 68, 91, 30, 12, 92, 56, 48, 100, 49, 78, 91, 17, 9, 105, 19, 85, 61, 81, 65, 6, 29, 63, 90, 25, 11, 42, 105, 76, 28, 72, 29, 22, 84, 76, 82, 98, 80, 74, 60, 13, 32, 69, 66, 7, 97, 70, 79, 93, 40, 64, 84, 60, 68, 82, 43, 98, 49, 108, 81, 34, 52, 48, 33, 10, 92, 0, 37, 51, 80, 21, 8, 21, 85, 91, 36, 55, 36, 9, 83, 58, 91, 77, 93, 59, 15, 76, 66, 41, 49, 22, 57, 41, 33, 15, 43, 86, 37, 55, 100, 25, 71, 13, 50, 89, 61, 17, 104, 28, 23, 68, 36, 51, 58, 25, 19, 62]
[22, 18, 16, 21, 18, 55, 57, 12, 72, 44, 52, 43, 47, 67, 71, 42, 45, 65, 18, 47, 52, 67, 40, 20, 51, 35, 36, 43, 33, 32, 16, 31, 49, 40, 36, 62, 57, 33, 48, 62, 59, 18, 66, 20, 64, 54, 53, 44, 69, 38, 81, 48, 54, 46, 37, 8, 28, 62, 42, 27, 9, 73, 71, 22, 40, 28, 24, 64, 52, 52, 62, 50, 40, 42, 36, 49, 50, 31, 36, 69, 42, 42, 67, 15, 30, 70, 34, 34, 61, 44, 65, 23, 75, 48, 24, 20, 48, 28, 41, 56, 37, 0, 34, 44, 20, 37, 25, 50, 64, 37, 43, 46, 30, 47, 21, 58, 41, 56, 24, 28, 39, 30, 20, 23, 59, 20, 9, 6, 52, 8, 49, 3, 22, 68, 25, 35, 34, 15, 63, 37, 20, 71, 16, 22, 39, 10, 21, 65, 24, 19, 60]
[15, 31, 44, 45, 52, 28, 43, 35, 53, 39, 38, 69, 73, 39, 37, 65, 28, 46, 31, 21, 18, 38, 36, 19, 59, 69, 3, 9, 32, 55, 19, 57, 15, 18, 14, 29, 47, 23, 57, 43, 31, 20, 56, 53, 30, 57, 60, 61, 65, 38, 48, 14, 32, 13, 55, 34, 54, 40, 37, 42, 27, 58, 37, 24, 67, 59, 29, 33, 26, 35, 61, 33, 37, 9, 41, 39, 18, 57, 55, 48, 73, 58, 43, 20, 57, 36, 14, 61, 31, 21, 53, 57, 62, 39, 18, 52, 22, 18, 60, 55, 51, 34, 0, 50, 47, 46, 31, 47, 41, 21, 8, 30, 42, 63, 45, 46, 61, 61, 31, 52, 48, 52, 15, 14, 70, 40, 26, 39, 61, 30, 59, 38, 25, 54, 27, 42, 57, 45, 39, 13, 38, 59, 27, 29, 70, 44, 53, 38, 53, 35, 28]
[38, 27, 59, 64, 45, 79, 30, 31, 44, 17, 86, 34, 37, 54, 82, 28, 31, 39, 59, 42, 64, 55, 78, 36, 9, 55, 53, 55, 71, 24, 44, 29, 63, 67, 62, 75, 25, 66, 91, 37, 81, 36, 29, 42, 66, 11, 96, 88, 28, 77, 91, 59, 38, 50, 81, 51, 28, 42, 80, 70, 39, 41, 81, 58, 35, 67, 63, 57, 44, 32, 20, 31, 15, 51, 77, 84, 52, 28, 79, 45, 46, 14, 49, 44, 30, 70, 37, 31, 55, 70, 31, 47, 39, 21, 56, 39, 72, 60, 85, 15, 80, 44, 50, 0, 63, 80, 65, 14, 45, 67, 57, 77, 73, 17, 26, 28, 21, 13, 22, 72, 4, 23, 46, 39, 102, 25, 40, 49, 95, 37, 9, 45, 28, 35, 62, 9, 77, 34, 44, 41, 63, 36, 55, 61, 44, 49, 40, 89, 65, 62, 76]
[39, 38, 4, 4, 24, 60, 77, 32, 91, 64, 49, 55, 58, 84, 79, 56, 64, 84, 17, 64, 63, 84, 35, 38, 69, 36, 47, 55, 29, 48, 30, 45, 59, 45, 43, 71, 77, 34, 33, 81, 63, 36, 86, 28, 77, 74, 38, 26, 89, 31, 90, 60, 72, 60, 19, 15, 43, 81, 37, 14, 28, 93, 80, 25, 51, 13, 22, 79, 69, 71, 82, 69, 60, 56, 27, 45, 65, 45, 17, 88, 49, 60, 85, 29, 44, 83, 51, 47, 77, 48, 85, 28, 95, 68, 31, 31, 53, 33, 22, 76, 21, 20, 47, 63, 0, 25, 22, 70, 82, 40, 54, 45, 18, 64, 39, 78, 57, 75, 44, 9, 59, 47, 33, 40, 42, 38, 27, 14, 36, 27, 67, 18, 41, 88, 25, 54, 14, 30, 81, 54, 11, 91, 20, 21, 47, 15, 31, 67, 7, 14, 67]
[46, 53, 27, 21, 48, 46, 86, 49, 98, 76, 29, 78, 82, 85, 68, 79, 71, 91, 21, 67, 56, 84, 16, 47, 87, 60, 45, 52, 14, 69, 38, 67, 52, 34, 35, 61, 88, 24, 12, 88, 49, 46, 97, 52, 72, 90, 16, 16, 103, 11, 78, 55, 77, 59, 13, 29, 65, 86, 17, 11, 41, 101, 69, 24, 75, 34, 18, 78, 72, 78, 97, 76, 72, 55, 6, 24, 64, 67, 14, 93, 74, 79, 89, 37, 66, 77, 56, 70, 77, 36, 95, 52, 105, 79, 29, 54, 41, 28, 18, 90, 8, 37, 46, 80, 25, 0, 16, 83, 86, 29, 49, 29, 7, 84, 59, 88, 79, 92, 58, 20, 76, 67, 37, 46, 24, 57, 40, 34, 16, 43, 86, 38, 53, 97, 20, 70, 20, 52, 85, 57, 17, 101, 25, 19, 71, 38, 54, 50, 30, 18, 55]
[30, 38, 22, 19, 40, 38, 69, 35, 82, 60, 28, 68, 72, 70, 58, 67, 55, 74, 7, 51, 43, 69, 15, 31, 73, 55, 30, 38, 8, 57, 22, 56, 39, 23, 22, 50, 72, 12, 28, 71, 41, 30, 81, 43, 58, 74, 32, 30, 87, 13, 68, 41, 61, 44, 25, 17, 53, 70, 17, 12, 26, 85, 59, 8, 65, 35, 1, 63, 56, 62, 81, 60, 56, 40, 13, 25, 49, 56, 24, 77, 66, 66, 73, 21, 55, 64, 40, 59, 62, 26, 78, 45, 88, 62, 13, 44, 31, 13, 30, 74, 21, 25, 31, 65, 22, 16, 0, 67, 70, 18, 35, 23, 12, 71, 46, 71, 66, 77, 43, 24, 61, 55, 21, 30, 40, 43, 25, 24, 32, 28, 71, 26, 38, 81, 4, 55, 27, 40, 69, 41, 11, 85, 10, 3, 63, 30, 45, 45, 29, 8, 45]
[38, 32, 66, 70, 55, 74, 17, 38, 30, 8, 84, 47, 50, 42, 74, 41, 22, 26, 63, 33, 57, 43, 79, 36, 19, 67, 50, 49, 73, 37, 45, 42, 57, 65, 60, 68, 11, 66, 95, 24, 76, 37, 17, 53, 56, 12, 99, 93, 20, 79, 82, 53, 27, 43, 86, 57, 40, 29, 80, 74, 43, 28, 73, 60, 49, 76, 66, 46, 34, 20, 15, 20, 11, 45, 80, 84, 44, 41, 85, 32, 59, 28, 36, 46, 43, 59, 32, 44, 44, 67, 18, 58, 27, 10, 57, 50, 68, 60, 91, 8, 85, 50, 47, 14, 70, 83, 67, 0, 32, 66, 52, 76, 77, 30, 36, 14, 34, 17, 26, 78, 16, 35, 47, 38, 107, 34, 44, 56, 99, 43, 20, 52, 30, 22, 64, 17, 84, 44, 32, 35, 68, 23, 58, 64, 57, 57, 51, 84, 73, 66, 70]
[43, 49, 78, 81, 76, 60, 16, 56, 14, 28, 77, 77, 80, 11, 51, 72, 19, 9, 69, 19, 40, 13, 77, 44, 51, 91, 43, 37, 73, 65, 52, 69, 42, 57, 54, 48, 22, 64, 98, 9, 60, 46, 27, 75, 31, 43, 101, 100, 38, 78, 56, 38, 10, 29, 94, 67, 66, 3, 77, 81, 55, 20, 49, 63, 78, 91, 69, 18, 15, 14, 40, 15, 32, 33, 81, 78, 26, 68, 93, 7, 87, 58, 4, 53, 70, 32, 31, 72, 17, 58, 22, 80, 27, 23, 57, 72, 57, 59, 99, 37, 91, 64, 41, 45, 82, 86, 70, 32, 0, 61, 40, 69, 82, 62, 60, 19, 65, 48, 44, 89, 46, 62, 50, 42, 110, 56, 55, 70, 101, 56, 52, 67, 43, 20, 66, 43, 94, 65, 1, 30, 76, 25, 64, 68, 85, 73, 73, 68, 87, 73, 52]
[29, 43, 39, 37, 54, 19, 64, 44, 74, 58, 18, 78, 83, 58, 40, 77, 49, 67, 24, 42, 27, 57, 16, 32, 76, 71, 18, 24, 15, 66, 25, 67, 23, 5, 7, 32, 68, 6, 39, 64, 23, 32, 77, 57, 42, 76, 41, 45, 85, 19, 50, 26, 52, 32, 41, 32, 63, 61, 16, 30, 34, 78, 41, 16, 76, 53, 18, 50, 46, 55, 81, 54, 56, 28, 23, 18, 36, 66, 41, 68, 79, 72, 62, 26, 66, 48, 34, 70, 49, 8, 74, 60, 83, 59, 13, 57, 13, 9, 46, 74, 36, 37, 21, 67, 40, 29, 18, 66, 61, 0, 21, 10, 28, 77, 55, 67, 74, 79, 46, 42, 64, 64, 22, 28, 51, 51, 33, 39, 42, 37, 75, 40, 40, 75, 15, 58, 45, 51, 59, 33, 29, 80, 23, 19, 77, 45, 58, 28, 47, 26, 27]
[23, 39, 51, 51, 60, 22, 46, 43, 54, 44, 36, 77, 81, 37, 29, 74, 32, 47, 37, 22, 9, 36, 37, 27, 66, 77, 7, 4, 35, 64, 27, 66, 6, 17, 14, 21, 51, 26, 60, 45, 24, 28, 60, 61, 23, 63, 62, 65, 69, 40, 39, 6, 33, 11, 60, 41, 62, 41, 37, 47, 35, 59, 28, 29, 76, 66, 34, 29, 26, 37, 66, 36, 43, 8, 44, 37, 15, 65, 59, 48, 81, 66, 42, 28, 65, 29, 20, 69, 28, 18, 56, 65, 64, 43, 23, 60, 17, 22, 65, 60, 55, 43, 8, 57, 54, 49, 35, 52, 40, 21, 0, 28, 47, 71, 53, 49, 69, 67, 39, 58, 55, 61, 23, 22, 72, 49, 34, 47, 63, 38, 66, 46, 34, 56, 31, 49, 62, 53, 39, 17, 44, 61, 34, 34, 78, 52, 61, 32, 60, 41, 20]
[39, 53, 45, 42, 62, 17, 73, 53, 82, 68, 9, 88, 92, 65, 40, 86, 58, 75, 30, 50, 31, 63, 13, 42, 86, 78, 27, 32, 17, 76, 35, 76, 28, 12, 16, 34, 77, 13, 36, 73, 20, 42, 86, 65, 47, 86, 37, 44, 94, 17, 49, 32, 61, 40, 42, 39, 73, 69, 12, 33, 43, 87, 41, 24, 85, 58, 23, 56, 54, 64, 91, 63, 66, 36, 23, 9, 43, 76, 42, 76, 88, 82, 70, 35, 75, 52, 44, 79, 55, 11, 83, 68, 92, 69, 22, 66, 14, 18, 46, 84, 36, 46, 30, 77, 45, 29, 23, 76, 69, 10, 28, 0, 30, 87, 65, 76, 84, 89, 56, 45, 74, 73, 32, 38, 47, 61, 42, 47, 38, 46, 85, 48, 50, 84, 22, 68, 47, 60, 67, 42, 34, 89, 30, 25, 85, 52, 66, 22, 52, 32, 27]
[40, 46, 20, 15, 41, 46, 80, 42, 93, 70, 32, 71, 75, 81, 68, 71, 66, 86, 14, 63, 54, 81, 18, 41, 81, 54, 41, 49, 14, 62, 32, 60, 50, 33, 33, 60, 82, 22, 18, 83, 50, 40, 91, 45, 69, 83, 23, 18, 97, 13, 78, 52, 72, 56, 13, 22, 58, 81, 20, 4, 34, 96, 69, 19, 68, 29, 13, 75, 68, 73, 90, 71, 66, 51, 9, 28, 60, 60, 13, 88, 67, 72, 85, 31, 59, 75, 51, 63, 73, 36, 89, 46, 99, 73, 25, 47, 41, 25, 18, 84, 9, 30, 42, 73, 18, 7, 12, 77, 82, 28, 47, 30, 0, 77, 52, 82, 72, 85, 51, 16, 69, 60, 32, 41, 30, 50, 33, 27, 22, 36, 79, 31, 47, 92, 16, 64, 17, 45, 81, 52, 10, 96, 19, 14, 65, 31, 47, 52, 24, 11, 55]
[49, 34, 60, 65, 41, 91, 47, 35, 60, 34, 95, 19, 21, 71, 98, 13, 47, 56, 64, 58, 78, 72, 85, 46, 13, 45, 66, 69, 78, 16, 52, 21, 77, 78, 73, 90, 42, 75, 95, 54, 94, 45, 44, 38, 82, 22, 100, 89, 40, 84, 106, 74, 55, 65, 82, 55, 21, 59, 87, 73, 45, 57, 96, 65, 22, 64, 70, 74, 60, 49, 31, 48, 31, 65, 83, 93, 68, 20, 81, 62, 33, 5, 66, 52, 22, 86, 51, 20, 71, 81, 47, 41, 54, 39, 65, 34, 84, 69, 85, 29, 83, 47, 63, 17, 64, 84, 71, 30, 62, 77, 71, 87, 77, 0, 25, 44, 7, 20, 32, 72, 17, 17, 55, 50, 105, 27, 46, 50, 98, 42, 11, 46, 38, 51, 69, 22, 77, 33, 62, 55, 67, 51, 61, 68, 32, 48, 35, 101, 64, 66, 90]
[30, 14, 34, 40, 19, 71, 49, 11, 64, 34, 72, 24, 28, 66, 82, 22, 41, 58, 39, 48, 62, 67, 61, 26, 31, 31, 47, 52, 54, 11, 30, 12, 60, 57, 52, 74, 47, 52, 70, 55, 74, 25, 53, 17, 70, 37, 74, 64, 54, 59, 92, 58, 51, 52, 57, 30, 9, 58, 63, 48, 22, 64, 81, 41, 22, 41, 45, 66, 52, 47, 46, 45, 29, 50, 58, 69, 56, 12, 55, 63, 29, 21, 64, 29, 12, 75, 37, 16, 64, 60, 54, 22, 63, 39, 42, 13, 64, 46, 61, 40, 58, 21, 45, 26, 39, 59, 46, 36, 60, 55, 53, 65, 52, 25, 0, 48, 20, 38, 17, 47, 22, 9, 34, 31, 80, 5, 23, 25, 73, 18, 29, 21, 21, 58, 45, 20, 53, 8, 59, 41, 41, 60, 36, 43, 26, 24, 14, 81, 40, 41, 73]
[42, 41, 74, 78, 66, 71, 4, 48, 16, 14, 85, 61, 64, 30, 67, 55, 18, 12, 68, 27, 52, 32, 81, 41, 32, 79, 49, 46, 76, 50, 50, 55, 53, 64, 60, 62, 3, 68, 100, 11, 72, 43, 10, 65, 48, 24, 103, 100, 20, 82, 74, 49, 18, 39, 93, 64, 53, 17, 82, 80, 50, 16, 65, 64, 62, 85, 70, 36, 26, 12, 21, 14, 19, 42, 84, 85, 38, 54, 92, 18, 73, 41, 23, 51, 56, 50, 32, 58, 34, 66, 7, 70, 17, 10, 60, 62, 66, 62, 97, 18, 91, 58, 46, 28, 78, 88, 71, 14, 19, 67, 49, 76, 82, 44, 48, 0, 48, 28, 35, 86, 30, 48, 50, 42, 112, 45, 51, 64, 103, 51, 34, 60, 37, 10, 68, 29, 91, 55, 20, 34, 74, 13, 63, 69, 71, 66, 63, 80, 82, 72, 65]
[47, 31, 53, 59, 35, 89, 51, 31, 65, 37, 91, 13, 16, 73, 97, 7, 49, 60, 59, 59, 78, 75, 81, 43, 19, 38, 64, 68, 74, 10, 49, 13, 76, 75, 70, 89, 46, 71, 89, 58, 92, 43, 49, 31, 82, 28, 94, 83, 46, 79, 106, 73, 57, 65, 76, 50, 15, 62, 83, 68, 41, 62, 96, 61, 15, 57, 65, 75, 62, 52, 37, 50, 33, 65, 78, 89, 68, 13, 74, 66, 26, 7, 69, 49, 15, 87, 50, 13, 73, 79, 52, 34, 59, 42, 62, 27, 82, 66, 79, 34, 77, 41, 61, 21, 57, 79, 66, 34, 65, 74, 69, 84, 72, 7, 20, 48, 0, 26, 30, 66, 19, 11, 52, 48, 99, 23, 42, 45, 93, 38, 17, 41, 36, 56, 65, 23, 71, 27, 64, 55, 61, 56, 56, 63, 25, 42, 28, 99, 57, 61, 89]
[50, 39, 71, 76, 56, 89, 32, 44, 43, 24, 97, 39, 41, 58, 91, 33, 38, 40, 72, 49, 73, 59, 90, 48, 7, 64, 64, 64, 84, 33, 56, 38, 73, 78, 73, 84, 25, 78, 104, 39, 91, 48, 25, 53, 73, 4, 108, 100, 20, 90, 98, 69, 43, 59, 93, 64, 38, 45, 92, 82, 51, 38, 89, 70, 42, 79, 76, 62, 50, 37, 11, 37, 24, 61, 90, 96, 60, 37, 92, 46, 53, 20, 52, 56, 39, 76, 47, 39, 60, 81, 29, 57, 34, 26, 68, 50, 83, 72, 97, 11, 93, 56, 61, 13, 75, 92, 77, 17, 48, 79, 67, 89, 85, 20, 38, 28, 26, 0, 35, 84, 17, 32, 58, 51, 115, 37, 52, 61, 107, 50, 9, 57, 40, 33, 75, 22, 89, 46, 48, 50, 76, 32, 67, 74, 51, 61, 50, 99, 77, 74, 86]
[17, 6, 39, 44, 32, 59, 35, 13, 50, 21, 64, 38, 43, 50, 67, 34, 25, 43, 37, 32, 48, 51, 56, 14, 31, 47, 34, 38, 49, 25, 22, 28, 46, 46, 41, 59, 34, 44, 70, 40, 62, 14, 42, 31, 54, 32, 74, 67, 46, 55, 77, 43, 35, 36, 60, 30, 24, 42, 57, 49, 17, 51, 66, 36, 38, 50, 41, 49, 36, 31, 39, 29, 16, 35, 55, 63, 40, 27, 59, 48, 45, 27, 48, 22, 28, 59, 21, 31, 47, 49, 42, 36, 51, 25, 34, 28, 52, 38, 64, 33, 59, 24, 31, 22, 44, 58, 43, 26, 44, 46, 39, 56, 51, 32, 17, 35, 30, 35, 0, 52, 18, 22, 24, 18, 81, 12, 18, 30, 73, 16, 29, 26, 6, 45, 40, 13, 57, 21, 43, 25, 42, 48, 33, 39, 43, 31, 29, 69, 47, 40, 59]
[46, 46, 13, 8, 32, 61, 85, 40, 98, 72, 48, 63, 66, 90, 82, 64, 71, 91, 21, 70, 66, 90, 33, 45, 78, 41, 52, 60, 29, 56, 37, 53, 62, 47, 46, 74, 85, 36, 26, 88, 64, 43, 94, 36, 81, 82, 31, 18, 98, 29, 92, 64, 79, 65, 11, 22, 51, 88, 35, 13, 36, 101, 82, 29, 59, 14, 25, 85, 75, 78, 91, 76, 68, 61, 24, 43, 70, 53, 9, 95, 56, 68, 92, 36, 52, 87, 58, 55, 83, 50, 93, 35, 103, 76, 35, 39, 55, 36, 13, 84, 15, 28, 52, 72, 9, 20, 24, 78, 89, 42, 58, 45, 16, 72, 47, 86, 66, 84, 52, 0, 67, 55, 39, 46, 34, 47, 35, 23, 29, 36, 76, 27, 49, 96, 27, 63, 6, 39, 88, 60, 14, 99, 25, 24, 54, 24, 39, 67, 10, 17, 69]
[35, 23, 55, 60, 41, 76, 32, 27, 46, 17, 82, 32, 35, 54, 81, 26, 30, 41, 55, 41, 62, 56, 74, 32, 12, 51, 51, 52, 68, 21, 40, 26, 61, 64, 59, 74, 27, 63, 87, 39, 78, 32, 32, 38, 65, 15, 92, 84, 32, 73, 90, 58, 38, 49, 77, 47, 24, 43, 76, 66, 35, 44, 80, 54, 33, 63, 59, 57, 43, 32, 24, 31, 14, 49, 73, 81, 51, 25, 75, 47, 43, 13, 50, 40, 27, 69, 35, 28, 54, 67, 34, 43, 42, 22, 53, 35, 69, 57, 80, 18, 76, 39, 48, 4, 59, 76, 61, 16, 46, 64, 55, 74, 69, 17, 22, 30, 19, 17, 18, 67, 0, 19, 42, 36, 98, 21, 36, 45, 91, 33, 11, 40, 24, 38, 59, 6, 73, 30, 45, 39, 59, 39, 51, 58, 41, 45, 36, 86, 61, 58, 74]
[38, 21, 43, 48, 25, 79, 50, 20, 64, 35, 81, 16, 21, 70, 89, 13, 45, 59, 48, 53, 69, 71, 70, 34, 25, 32, 55, 59, 63, 3, 38, 7, 67, 65, 60, 81, 46, 61, 78, 56, 82, 33, 51, 21, 76, 32, 83, 72, 51, 68, 99, 65, 54, 58, 65, 38, 5, 60, 72, 57, 30, 63, 88, 50, 16, 48, 54, 70, 57, 49, 42, 47, 30, 57, 66, 78, 62, 6, 64, 65, 25, 13, 67, 38, 8, 81, 43, 10, 68, 69, 53, 25, 61, 40, 51, 18, 72, 55, 68, 37, 66, 30, 52, 23, 47, 67, 55, 35, 62, 64, 61, 73, 60, 17, 9, 48, 11, 32, 22, 55, 19, 0, 42, 39, 88, 13, 31, 34, 82, 27, 23, 30, 27, 57, 54, 19, 60, 16, 62, 47, 50, 58, 45, 52, 23, 31, 18, 89, 47, 50, 80]
[9, 21, 30, 31, 37, 38, 48, 22, 61, 39, 40, 57, 62, 51, 51, 55, 34, 54, 19, 31, 32, 51, 32, 10, 55, 54, 16, 23, 26, 45, 4, 46, 29, 23, 18, 43, 50, 20, 49, 50, 41, 10, 60, 39, 44, 55, 53, 50, 66, 32, 62, 29, 40, 27, 44, 19, 42, 49, 34, 31, 13, 64, 51, 13, 55, 44, 20, 46, 36, 41, 61, 39, 36, 23, 33, 38, 32, 45, 43, 56, 60, 50, 53, 5, 45, 50, 19, 49, 44, 27, 57, 43, 67, 41, 10, 38, 30, 14, 49, 54, 41, 20, 15, 46, 33, 37, 21, 47, 50, 22, 23, 32, 32, 55, 34, 50, 52, 58, 24, 39, 42, 42, 0, 8, 62, 29, 12, 24, 53, 16, 53, 23, 18, 59, 18, 36, 44, 31, 49, 21, 26, 64, 14, 18, 57, 30, 39, 47, 39, 23, 40]
[1, 17, 36, 39, 39, 41, 40, 21, 52, 31, 47, 55, 59, 44, 51, 52, 25, 45, 27, 24, 31, 44, 40, 5, 48, 56, 16, 21, 35, 42, 9, 44, 28, 28, 23, 43, 42, 28, 58, 42, 44, 6, 51, 40, 41, 47, 62, 59, 58, 40, 61, 27, 32, 22, 52, 25, 40, 41, 42, 39, 15, 56, 50, 22, 54, 50, 28, 40, 29, 32, 53, 30, 28, 20, 42, 46, 27, 43, 51, 48, 59, 45, 46, 10, 43, 47, 11, 47, 38, 31, 49, 45, 59, 33, 18, 39, 34, 22, 57, 46, 49, 23, 14, 39, 40, 46, 30, 38, 42, 28, 22, 38, 41, 50, 31, 42, 48, 51, 18, 46, 36, 39, 8, 0, 70, 27, 14, 29, 62, 17, 47, 26, 12, 51, 26, 30, 52, 31, 41, 14, 34, 55, 22, 27, 57, 34, 40, 51, 45, 31, 41]
[70, 76, 46, 40, 66, 64, 110, 71, 122, 100, 43, 96, 100, 108, 87, 98, 95, 115, 44, 91, 77, 107, 35, 71, 110, 74, 68, 75, 37, 89, 62, 87, 74, 56, 58, 81, 112, 47, 12, 112, 66, 69, 121, 70, 93, 113, 10, 16, 127, 32, 95, 77, 101, 82, 23, 51, 84, 110, 35, 32, 64, 125, 88, 48, 93, 46, 42, 101, 95, 102, 120, 100, 96, 78, 29, 39, 87, 87, 25, 117, 89, 101, 112, 61, 85, 99, 80, 89, 100, 57, 119, 69, 129, 103, 53, 73, 61, 51, 21, 114, 22, 59, 70, 102, 42, 24, 40, 107, 110, 51, 72, 47, 30, 105, 80, 112, 99, 115, 81, 34, 98, 88, 62, 70, 0, 79, 63, 55, 9, 65, 108, 59, 77, 121, 44, 93, 29, 72, 109, 81, 39, 125, 49, 43, 88, 57, 72, 65, 43, 41, 74]
[25, 9, 34, 40, 22, 67, 45, 8, 60, 30, 68, 28, 33, 62, 77, 26, 37, 54, 37, 43, 57, 62, 58, 22, 31, 35, 43, 48, 51, 15, 26, 17, 55, 52, 48, 69, 43, 48, 68, 51, 70, 21, 50, 20, 65, 35, 73, 64, 52, 56, 87, 53, 46, 47, 57, 28, 13, 53, 60, 47, 18, 60, 76, 38, 27, 42, 42, 61, 48, 42, 44, 40, 25, 45, 55, 66, 51, 16, 55, 59, 34, 23, 60, 25, 17, 70, 32, 21, 59, 56, 51, 25, 60, 35, 38, 17, 60, 43, 60, 38, 57, 20, 40, 25, 38, 57, 43, 34, 56, 51, 49, 61, 50, 27, 5, 45, 23, 37, 12, 47, 21, 13, 29, 27, 79, 0, 19, 24, 72, 15, 29, 20, 16, 54, 42, 17, 53, 10, 55, 36, 40, 57, 33, 40, 31, 24, 18, 77, 40, 39, 68]
[13, 13, 23, 27, 26, 49, 50, 11, 64, 38, 49, 46, 50, 58, 63, 44, 37, 57, 19, 38, 44, 58, 39, 11, 48, 43, 28, 34, 32, 34, 8, 34, 41, 34, 30, 55, 50, 29, 52, 53, 53, 9, 59, 27, 55, 50, 56, 49, 64, 38, 73, 40, 45, 37, 42, 13, 31, 54, 41, 31, 1, 66, 63, 19, 44, 36, 24, 54, 43, 44, 57, 41, 33, 34, 37, 47, 41, 34, 41, 60, 48, 41, 59, 7, 34, 61, 25, 38, 52, 38, 58, 31, 68, 41, 20, 26, 42, 24, 47, 51, 41, 9, 26, 40, 27, 40, 25, 44, 55, 33, 34, 42, 33, 46, 23, 51, 42, 52, 18, 35, 36, 31, 12, 14, 63, 19, 0, 15, 55, 4, 46, 12, 14, 61, 23, 30, 40, 19, 54, 28, 24, 64, 15, 22, 45, 19, 27, 59, 32, 22, 52]
[28, 24, 10, 15, 16, 58, 64, 18, 78, 51, 52, 44, 48, 73, 75, 44, 51, 71, 17, 53, 56, 73, 40, 26, 55, 32, 40, 48, 33, 35, 21, 33, 53, 42, 39, 66, 64, 34, 45, 68, 62, 24, 72, 19, 69, 59, 49, 39, 75, 37, 85, 53, 60, 51, 32, 7, 30, 68, 42, 23, 15, 80, 75, 23, 41, 21, 24, 69, 58, 58, 68, 56, 46, 48, 34, 49, 56, 33, 31, 75, 41, 46, 74, 20, 32, 75, 40, 36, 67, 46, 71, 21, 81, 55, 27, 20, 51, 30, 36, 62, 33, 6, 39, 49, 14, 34, 24, 56, 70, 39, 47, 47, 27, 50, 25, 64, 45, 61, 30, 23, 45, 34, 24, 29, 55, 24, 15, 0, 48, 14, 54, 4, 28, 74, 25, 40, 28, 17, 69, 43, 17, 77, 16, 22, 39, 6, 20, 67, 17, 17, 63]
[62, 68, 40, 34, 60, 55, 101, 64, 113, 92, 35, 91, 95, 99, 78, 92, 86, 106, 36, 82, 69, 98, 26, 62, 102, 70, 59, 66, 28, 83, 53, 81, 65, 47, 49, 72, 103, 38, 4, 103, 58, 61, 113, 64, 84, 105, 3, 13, 118, 23, 87, 68, 92, 73, 18, 44, 78, 101, 27, 25, 56, 117, 80, 40, 88, 43, 33, 92, 87, 94, 112, 91, 88, 69, 20, 31, 78, 81, 20, 108, 85, 94, 103, 53, 80, 90, 72, 83, 91, 48, 110, 64, 120, 94, 44, 67, 52, 42, 18, 106, 15, 52, 61, 95, 36, 16, 32, 99, 101, 42, 63, 38, 22, 98, 73, 103, 93, 107, 73, 29, 91, 82, 53, 62, 9, 72, 55, 48, 0, 58, 101, 52, 69, 112, 35, 86, 25, 66, 100, 72, 32, 117, 41, 35, 83, 51, 67, 57, 39, 33, 66]
[16, 11, 23, 28, 22, 54, 50, 7, 64, 37, 54, 41, 46, 60, 67, 40, 38, 57, 22, 40, 48, 60, 43, 13, 45, 39, 32, 38, 36, 29, 12, 30, 45, 39, 34, 59, 50, 34, 54, 54, 57, 11, 58, 23, 58, 47, 59, 51, 62, 41, 77, 44, 46, 40, 44, 14, 26, 55, 45, 33, 4, 66, 67, 23, 39, 35, 27, 57, 45, 44, 55, 42, 32, 37, 41, 51, 45, 29, 42, 61, 43, 37, 60, 12, 29, 64, 27, 33, 55, 42, 57, 27, 67, 41, 24, 22, 47, 28, 48, 49, 43, 8, 30, 37, 27, 43, 28, 43, 56, 37, 38, 46, 36, 42, 18, 51, 38, 50, 16, 36, 33, 27, 16, 17, 65, 15, 4, 14, 58, 0, 43, 10, 14, 60, 27, 28, 41, 15, 55, 31, 26, 64, 18, 25, 41, 17, 23, 64, 31, 25, 57]
[46, 33, 63, 69, 48, 87, 37, 37, 49, 25, 93, 30, 32, 62, 91, 24, 39, 46, 65, 50, 72, 63, 85, 43, 2, 54, 62, 63, 78, 24, 51, 29, 71, 75, 70, 84, 31, 74, 97, 44, 89, 43, 33, 44, 74, 11, 102, 93, 29, 84, 99, 68, 46, 59, 86, 57, 28, 49, 87, 76, 45, 46, 90, 65, 32, 70, 70, 65, 52, 40, 20, 39, 23, 59, 83, 92, 61, 28, 84, 52, 43, 10, 56, 51, 30, 78, 45, 29, 63, 78, 36, 48, 42, 29, 64, 41, 80, 67, 89, 17, 86, 49, 59, 9, 67, 86, 71, 20, 52, 75, 66, 85, 79, 11, 29, 34, 17, 9, 29, 76, 11, 23, 53, 47, 108, 29, 46, 54, 101, 43, 0, 49, 35, 40, 69, 17, 82, 38, 52, 49, 69, 40, 61, 68, 42, 53, 41, 97, 69, 68, 85]
[25, 20, 14, 19, 15, 58, 60, 13, 74, 47, 54, 41, 45, 70, 74, 41, 48, 67, 19, 50, 55, 70, 42, 23, 51, 32, 39, 46, 35, 31, 19, 30, 52, 43, 39, 65, 59, 35, 48, 64, 62, 21, 68, 17, 67, 55, 53, 44, 71, 39, 84, 51, 56, 49, 36, 9, 27, 65, 44, 27, 12, 76, 74, 24, 38, 25, 26, 67, 55, 55, 64, 52, 42, 46, 37, 51, 54, 30, 35, 72, 40, 42, 70, 18, 29, 73, 37, 33, 64, 46, 67, 21, 77, 51, 27, 18, 51, 31, 40, 57, 37, 3, 38, 45, 18, 38, 26, 52, 67, 40, 46, 48, 31, 46, 21, 60, 41, 57, 26, 27, 40, 30, 23, 26, 59, 20, 12, 4, 52, 10, 49, 0, 24, 70, 27, 36, 33, 14, 65, 40, 20, 73, 17, 24, 37, 7, 18, 67, 21, 20, 62]
[11, 7, 37, 41, 33, 53, 36, 13, 50, 23, 58, 43, 48, 48, 62, 40, 24, 43, 33, 28, 42, 48, 50, 8, 36, 49, 28, 32, 44, 30, 16, 33, 40, 40, 35, 54, 36, 39, 65, 40, 56, 8, 45, 33, 49, 37, 69, 64, 50, 50, 72, 38, 33, 31, 57, 27, 29, 41, 52, 45, 14, 52, 61, 30, 42, 49, 36, 46, 33, 31, 44, 28, 19, 30, 50, 57, 35, 32, 55, 48, 49, 33, 47, 17, 33, 55, 17, 36, 44, 43, 44, 38, 54, 27, 29, 31, 46, 32, 61, 37, 55, 22, 25, 28, 41, 53, 38, 30, 43, 40, 34, 50, 47, 38, 21, 37, 36, 40, 6, 49, 24, 27, 18, 12, 77, 16, 14, 28, 69, 14, 35, 24, 0, 47, 35, 18, 55, 23, 42, 21, 38, 50, 28, 34, 47, 31, 32, 63, 45, 36, 53]
[51, 51, 84, 87, 76, 77, 11, 58, 10, 24, 92, 69, 72, 31, 71, 63, 26, 11, 78, 34, 58, 33, 90, 51, 39, 88, 57, 53, 85, 59, 60, 64, 59, 72, 68, 67, 11, 77, 109, 12, 78, 52, 8, 74, 51, 30, 112, 109, 18, 91, 76, 55, 23, 45, 102, 74, 62, 18, 91, 90, 60, 6, 69, 73, 71, 95, 79, 38, 31, 19, 23, 21, 29, 49, 93, 93, 44, 63, 101, 15, 81, 49, 23, 61, 65, 52, 41, 66, 37, 74, 4, 79, 8, 20, 69, 71, 73, 71, 107, 23, 100, 68, 54, 35, 88, 97, 81, 22, 20, 75, 56, 84, 92, 51, 58, 10, 56, 33, 45, 96, 38, 57, 59, 51, 121, 54, 61, 74, 112, 60, 40, 70, 47, 0, 77, 38, 101, 65, 21, 42, 84, 5, 73, 78, 79, 76, 72, 86, 92, 81, 71]
[26, 36, 24, 22, 41, 35, 66, 34, 78, 57, 28, 67, 72, 66, 55, 66, 51, 71, 8, 47, 39, 65, 16, 28, 71, 57, 26, 34, 9, 56, 19, 56, 35, 20, 18, 47, 68, 9, 32, 68, 38, 27, 77, 44, 54, 72, 35, 34, 84, 15, 65, 37, 57, 40, 29, 18, 52, 66, 18, 16, 24, 81, 55, 4, 65, 38, 3, 59, 52, 58, 78, 56, 53, 35, 16, 25, 45, 56, 28, 73, 66, 64, 69, 18, 55, 60, 36, 59, 58, 23, 75, 46, 85, 59, 9, 45, 28, 9, 34, 72, 25, 25, 27, 62, 25, 20, 4, 64, 66, 15, 31, 22, 16, 69, 45, 68, 65, 75, 40, 27, 59, 54, 18, 26, 44, 42, 23, 25, 35, 27, 69, 27, 35, 77, 0, 53, 31, 40, 65, 37, 14, 81, 9, 4, 64, 31, 45, 42, 32, 11, 42]
[29, 17, 50, 55, 39, 70, 30, 23, 45, 15, 76, 34, 38, 51, 76, 29, 26, 40, 50, 36, 56, 52, 68, 26, 18, 50, 45, 47, 62, 22, 34, 26, 55, 58, 53, 68, 27, 57, 82, 37, 73, 26, 34, 36, 60, 19, 86, 79, 35, 68, 84, 52, 35, 43, 72, 42, 24, 40, 70, 61, 30, 44, 74, 48, 35, 59, 54, 52, 39, 30, 28, 28, 11, 43, 68, 75, 46, 25, 70, 45, 44, 17, 48, 34, 27, 64, 29, 29, 50, 61, 34, 41, 43, 20, 47, 33, 64, 51, 76, 21, 71, 35, 42, 9, 54, 70, 55, 17, 43, 58, 49, 68, 64, 22, 20, 29, 23, 22, 13, 63, 6, 19, 36, 30, 93, 17, 30, 40, 86, 28, 17, 36, 18, 38, 53, 0, 69, 27, 43, 33, 54, 40, 45, 52, 42, 41, 34, 80, 57, 52, 69]
[51, 52, 18, 14, 37, 63, 90, 46, 104, 78, 48, 67, 71, 95, 85, 69, 76, 97, 25, 75, 70, 94, 34, 51, 84, 45, 56, 64, 31, 61, 42, 58, 66, 50, 49, 77, 91, 39, 23, 93, 67, 49, 99, 41, 85, 88, 28, 13, 103, 30, 95, 68, 84, 70, 8, 27, 56, 93, 36, 15, 41, 106, 86, 33, 64, 17, 28, 89, 80, 84, 96, 81, 73, 66, 25, 44, 75, 59, 6, 100, 60, 74, 97, 41, 57, 91, 63, 60, 87, 52, 98, 40, 108, 82, 39, 44, 58, 40, 8, 90, 13, 34, 57, 77, 14, 20, 27, 84, 94, 45, 62, 47, 17, 77, 53, 91, 71, 89, 57, 6, 73, 60, 44, 52, 29, 53, 40, 28, 25, 41, 82, 33, 55, 101, 31, 69, 0, 44, 93, 65, 18, 105, 30, 28, 58, 29, 44, 69, 14, 21, 72]
[30, 16, 26, 32, 11, 69, 55, 10, 70, 41, 67, 27, 32, 71, 82, 27, 46, 64, 33, 52, 62, 71, 55, 27, 40, 26, 47, 53, 48, 17, 27, 16, 59, 54, 49, 74, 54, 47, 62, 61, 72, 25, 61, 10, 72, 45, 67, 56, 62, 53, 92, 58, 55, 53, 49, 23, 13, 63, 58, 41, 19, 71, 81, 36, 25, 33, 39, 69, 56, 52, 54, 50, 36, 51, 51, 64, 58, 16, 47, 69, 28, 29, 69, 27, 15, 77, 39, 19, 67, 57, 61, 15, 71, 46, 38, 8, 62, 43, 52, 48, 50, 15, 45, 34, 30, 52, 40, 44, 65, 51, 53, 60, 45, 33, 8, 55, 27, 46, 21, 39, 30, 16, 31, 31, 72, 10, 19, 17, 66, 15, 38, 14, 23, 65, 40, 27, 44, 0, 64, 43, 34, 67, 31, 37, 26, 15, 9, 78, 31, 34, 72]
[42, 48, 77, 80, 75, 59, 16, 55, 15, 28, 75, 76, 80, 10, 50, 71, 18, 10, 68, 18, 39, 12, 75, 43, 51, 90, 41, 35, 72, 64, 51, 69, 41, 56, 52, 46, 22, 63, 97, 9, 59, 45, 28, 74, 30, 43, 99, 99, 38, 77, 55, 36, 9, 28, 93, 66, 66, 3, 76, 80, 54, 22, 48, 61, 77, 90, 68, 17, 13, 13, 41, 15, 32, 32, 80, 76, 25, 68, 92, 9, 87, 58, 5, 52, 69, 31, 30, 72, 16, 57, 23, 79, 28, 23, 56, 72, 55, 57, 98, 37, 89, 63, 39, 44, 81, 85, 69, 32, 1, 59, 39, 67, 81, 62, 59, 20, 64, 48, 43, 88, 45, 62, 49, 41, 109, 55, 54, 69, 100, 55, 52, 65, 42, 21, 65, 43, 93, 64, 0, 28, 74, 26, 63, 67, 84, 72, 73, 67, 86, 72, 51]
[15, 27, 50, 52, 52, 39, 31, 33, 41, 27, 51, 64, 68, 30, 43, 60, 16, 34, 40, 10, 23, 30, 48, 17, 49, 69, 15, 14, 44, 50, 23, 53, 22, 31, 26, 35, 35, 35, 69, 31, 41, 19, 44, 53, 29, 46, 72, 71, 52, 50, 52, 19, 20, 11, 64, 39, 50, 29, 49, 51, 28, 45, 41, 33, 63, 64, 39, 26, 16, 22, 49, 20, 26, 10, 52, 51, 14, 52, 64, 36, 70, 50, 32, 24, 53, 34, 4, 57, 24, 33, 40, 58, 50, 27, 28, 51, 34, 30, 69, 43, 61, 37, 13, 41, 54, 57, 41, 35, 30, 33, 17, 42, 52, 55, 41, 34, 55, 50, 25, 60, 39, 47, 21, 14, 81, 36, 28, 43, 72, 31, 49, 40, 21, 42, 37, 33, 65, 43, 28, 0, 46, 46, 35, 38, 67, 47, 52, 49, 59, 44, 36]
[33, 37, 12, 8, 32, 48, 73, 32, 86, 62, 38, 61, 65, 76, 69, 61, 59, 79, 7, 57, 52, 76, 24, 33, 71, 46, 38, 46, 18, 52, 24, 50, 49, 34, 32, 60, 74, 23, 28, 76, 52, 31, 83, 35, 67, 73, 33, 25, 88, 21, 79, 50, 66, 51, 19, 12, 47, 75, 26, 7, 25, 89, 69, 15, 58, 24, 11, 71, 62, 66, 81, 64, 57, 47, 17, 34, 56, 50, 17, 82, 57, 62, 79, 23, 49, 73, 45, 53, 69, 37, 81, 36, 91, 65, 21, 37, 42, 23, 23, 75, 17, 20, 38, 63, 11, 17, 11, 68, 76, 29, 44, 34, 10, 67, 41, 74, 61, 76, 42, 14, 59, 50, 26, 34, 39, 40, 24, 17, 32, 26, 69, 20, 38, 84, 14, 54, 18, 34, 74, 46, 0, 88, 12, 10, 55, 21, 37, 56, 18, 3, 56]
[55, 54, 87, 91, 78, 83, 16, 60, 13, 27, 97, 69, 72, 35, 76, 63, 31, 16, 82, 39, 63, 37, 94, 55, 38, 90, 61, 58, 89, 60, 64, 65, 65, 77, 73, 72, 14, 81, 113, 17, 84, 56, 7, 76, 56, 29, 117, 113, 15, 95, 81, 60, 28, 50, 106, 77, 63, 23, 95, 94, 64, 7, 74, 77, 71, 98, 83, 43, 36, 24, 21, 26, 32, 54, 97, 97, 49, 64, 105, 20, 82, 49, 27, 65, 66, 57, 46, 67, 42, 79, 6, 81, 4, 23, 73, 73, 78, 75, 111, 22, 104, 71, 59, 36, 91, 101, 85, 23, 25, 80, 61, 89, 96, 51, 60, 13, 56, 32, 48, 99, 39, 58, 64, 55, 125, 57, 64, 77, 117, 64, 40, 73, 50, 5, 81, 40, 105, 67, 26, 46, 88, 0, 77, 82, 80, 79, 74, 91, 95, 85, 76]
[22, 28, 18, 18, 32, 42, 61, 25, 74, 51, 37, 58, 62, 65, 60, 57, 47, 67, 5, 45, 42, 64, 25, 22, 63, 48, 27, 35, 18, 47, 13, 47, 39, 26, 23, 51, 63, 17, 37, 64, 45, 21, 72, 35, 56, 64, 41, 37, 78, 23, 70, 40, 54, 40, 30, 9, 43, 63, 27, 17, 16, 77, 60, 6, 56, 32, 9, 59, 50, 54, 72, 52, 47, 36, 22, 34, 45, 46, 29, 70, 57, 56, 67, 12, 46, 62, 33, 50, 58, 30, 70, 37, 80, 54, 11, 35, 35, 14, 35, 65, 28, 16, 27, 55, 20, 25, 10, 58, 64, 23, 34, 30, 19, 61, 36, 63, 56, 67, 33, 25, 51, 45, 14, 22, 49, 33, 15, 16, 41, 18, 61, 17, 28, 73, 9, 45, 30, 31, 63, 35, 12, 77, 0, 7, 55, 22, 36, 50, 27, 9, 48]
[27, 35, 21, 18, 38, 38, 67, 32, 79, 57, 30, 65, 69, 68, 58, 64, 52, 72, 5, 49, 42, 67, 18, 28, 70, 53, 28, 36, 11, 54, 19, 53, 38, 23, 22, 50, 69, 13, 31, 69, 42, 27, 78, 41, 57, 71, 35, 32, 84, 16, 68, 40, 58, 42, 26, 15, 50, 67, 20, 13, 23, 82, 59, 5, 62, 34, 2, 62, 54, 59, 78, 57, 53, 38, 16, 27, 47, 53, 26, 74, 63, 63, 71, 18, 52, 63, 37, 57, 60, 26, 76, 43, 86, 59, 11, 42, 32, 12, 31, 71, 23, 22, 29, 61, 21, 19, 3, 64, 68, 19, 34, 25, 14, 68, 43, 69, 63, 74, 39, 24, 58, 52, 18, 27, 43, 40, 22, 22, 35, 25, 68, 24, 34, 78, 4, 52, 28, 37, 67, 38, 10, 82, 7, 0, 61, 27, 42, 46, 28, 8, 45]
[55, 40, 44, 50, 24, 94, 72, 35, 87, 57, 91, 13, 14, 92, 107, 18, 67, 82, 56, 74, 88, 93, 78, 52, 44, 16, 72, 78, 71, 20, 53, 16, 85, 79, 75, 99, 68, 72, 80, 79, 98, 50, 73, 20, 96, 52, 85, 71, 71, 75, 117, 83, 76, 78, 65, 46, 18, 82, 81, 61, 44, 85, 107, 61, 10, 42, 63, 92, 78, 71, 62, 70, 53, 76, 72, 88, 82, 16, 63, 87, 3, 31, 89, 52, 15, 102, 63, 13, 89, 83, 75, 19, 83, 62, 64, 19, 87, 68, 67, 58, 68, 39, 70, 44, 47, 71, 63, 57, 85, 77, 78, 85, 65, 32, 26, 71, 25, 51, 43, 54, 41, 23, 57, 57, 88, 31, 45, 39, 83, 41, 42, 37, 47, 79, 64, 42, 58, 26, 84, 67, 55, 80, 55, 61, 0, 34, 19, 104, 44, 56, 97]
[32, 26, 11, 17, 10, 64, 66, 19, 81, 52, 58, 40, 44, 77, 80, 41, 55, 74, 22, 57, 62, 77, 45, 30, 55, 26, 46, 53, 38, 32, 26, 30, 58, 48, 45, 72, 65, 39, 48, 71, 67, 28, 73, 14, 74, 59, 53, 41, 76, 41, 91, 58, 63, 56, 34, 13, 28, 72, 47, 27, 19, 82, 80, 28, 37, 19, 29, 74, 62, 61, 68, 59, 47, 52, 38, 54, 61, 30, 32, 78, 36, 44, 77, 25, 29, 80, 44, 32, 72, 52, 73, 16, 83, 57, 33, 16, 57, 36, 37, 62, 36, 10, 44, 49, 15, 38, 30, 57, 73, 45, 52, 52, 31, 48, 24, 66, 42, 61, 31, 24, 45, 31, 30, 34, 57, 24, 19, 6, 51, 17, 53, 7, 31, 76, 31, 41, 29, 15, 72, 47, 21, 79, 22, 27, 34, 0, 16, 72, 16, 22, 69]
[38, 25, 27, 33, 7, 76, 63, 19, 78, 48, 72, 24, 28, 79, 90, 26, 55, 72, 37, 60, 70, 80, 60, 35, 44, 17, 55, 61, 53, 18, 35, 15, 67, 60, 56, 81, 61, 53, 64, 69, 79, 33, 67, 3, 80, 50, 68, 56, 68, 57, 100, 66, 64, 62, 49, 27, 13, 71, 62, 43, 26, 78, 89, 42, 21, 29, 44, 77, 65, 60, 59, 58, 43, 59, 54, 69, 66, 15, 48, 77, 21, 32, 78, 34, 13, 86, 48, 17, 75, 64, 68, 7, 77, 53, 45, 1, 69, 49, 52, 54, 51, 21, 53, 40, 31, 54, 45, 51, 73, 58, 61, 66, 47, 35, 14, 63, 28, 50, 29, 39, 36, 18, 39, 40, 72, 18, 27, 20, 67, 23, 41, 18, 32, 72, 45, 34, 44, 9, 73, 52, 37, 74, 36, 42, 19, 16, 0, 85, 30, 37, 79]
[52, 68, 67, 64, 82, 10, 77, 70, 82, 76, 22, 105, 109, 61, 24, 102, 63, 76, 51, 53, 28, 59, 35, 56, 98, 99, 36, 35, 39, 92, 51, 93, 27, 25, 29, 22, 82, 33, 56, 74, 8, 56, 91, 85, 39, 95, 55, 65, 100, 39, 31, 32, 63, 42, 63, 60, 89, 69, 33, 55, 60, 88, 26, 44, 103, 79, 45, 52, 55, 68, 98, 67, 75, 39, 44, 26, 43, 93, 64, 75, 107, 96, 68, 52, 93, 42, 52, 97, 52, 21, 86, 88, 94, 75, 40, 85, 17, 36, 68, 92, 58, 65, 38, 89, 67, 50, 45, 84, 68, 28, 32, 22, 52, 101, 81, 80, 99, 99, 69, 67, 86, 89, 47, 51, 65, 77, 59, 67, 57, 64, 97, 67, 63, 86, 42, 80, 69, 78, 67, 49, 56, 91, 50, 46, 104, 72, 85, 0, 74, 53, 16]
[44, 41, 9, 10, 23, 66, 81, 35, 96, 68, 55, 53, 57, 89, 86, 55, 69, 89, 24, 69, 69, 89, 41, 43, 71, 31, 54, 62, 35, 48, 36, 44, 65, 51, 49, 78, 81, 41, 36, 85, 70, 41, 89, 27, 83, 76, 41, 27, 92, 37, 96, 66, 77, 66, 21, 20, 43, 86, 43, 20, 32, 97, 86, 32, 50, 6, 29, 85, 75, 76, 85, 73, 63, 62, 32, 51, 71, 45, 19, 92, 46, 60, 91, 35, 43, 89, 57, 46, 83, 55, 89, 25, 98, 72, 38, 30, 60, 40, 23, 78, 25, 24, 53, 65, 7, 30, 29, 73, 87, 47, 60, 52, 24, 64, 40, 82, 57, 77, 47, 10, 61, 47, 39, 45, 43, 40, 32, 17, 39, 31, 69, 21, 45, 92, 32, 57, 14, 31, 86, 59, 18, 95, 27, 28, 44, 16, 30, 74, 0, 21, 73]
[31, 35, 13, 11, 32, 46, 70, 31, 83, 59, 36, 61, 65, 73, 66, 61, 56, 76, 4, 54, 49, 73, 23, 31, 69, 47, 35, 43, 16, 51, 22, 50, 46, 31, 29, 58, 72, 20, 30, 73, 49, 29, 81, 36, 64, 72, 34, 28, 86, 20, 76, 47, 63, 49, 21, 11, 47, 72, 25, 8, 23, 86, 66, 12, 58, 26, 9, 68, 59, 63, 79, 61, 55, 44, 17, 33, 53, 50, 20, 79, 58, 61, 76, 21, 49, 70, 42, 53, 66, 34, 79, 37, 89, 62, 18, 37, 39, 20, 26, 73, 19, 19, 35, 62, 14, 18, 8, 66, 73, 26, 41, 32, 11, 66, 41, 72, 61, 74, 40, 17, 58, 50, 23, 31, 41, 39, 22, 17, 33, 25, 68, 20, 36, 81, 11, 52, 21, 34, 72, 44, 3, 85, 9, 8, 56, 22, 37, 53, 21, 0, 53]
[43, 59, 65, 64, 77, 11, 62, 62, 66, 62, 32, 96, 101, 45, 13, 93, 49, 60, 50, 38, 13, 43, 40, 46, 85, 94, 25, 22, 41, 83, 45, 85, 14, 22, 24, 7, 67, 33, 63, 59, 9, 47, 76, 79, 23, 82, 64, 71, 85, 44, 23, 17, 48, 27, 68, 56, 81, 53, 39, 57, 53, 72, 14, 42, 95, 79, 45, 36, 40, 53, 84, 52, 62, 25, 49, 35, 27, 84, 68, 59, 100, 85, 52, 45, 85, 27, 40, 88, 36, 19, 71, 83, 79, 61, 36, 79, 14, 34, 72, 78, 62, 60, 28, 76, 67, 55, 45, 70, 52, 27, 20, 27, 55, 90, 73, 65, 89, 86, 59, 69, 74, 80, 40, 41, 74, 68, 52, 63, 66, 57, 85, 62, 53, 71, 42, 69, 72, 72, 51, 36, 56, 76, 48, 45, 97, 69, 79, 16, 73, 53, 0]
