Location coordinates of network setup:
[(0, 0), (-31, -4), (-19, 23), (-1, 10), (45, -50), (-50, 16), (29, 39), (-33, 7), (-36, 28), (-6, 49), (34, -1), (-11, 38), (17, -23), (9, 22), (-41, 15), (33, -17), (4, 0), (0, -4), (13, -13), (-32, 1), (-25, -24), (-22, -33), (5, 17), (-32, 8), (-33, 11), (28, 8), (-33, -16), (-37, 19), (-1, 44), (48, -44), (-3, 42)]

Depot Index: 0

Customer node indices: [1, 2, 3, 4, 5, 6, 7, 8, 9, 10, 11, 12, 13, 14, 15, 16, 17, 18, 19, 20]

Charging station indices: [21, 22, 23, 24, 25, 26, 27, 28, 29, 30]

Random service times: [0, 4, 2, 5, 5, 4, 2, 5, 4, 3, 5, 4, 3, 5, 5, 4, 5, 3, 5, 5, 5, 0, 0, 0, 0, 0, 0, 0, 0, 0, 0]

Time Windows: [(0, 1000), (23, 500), (38, 500), (9, 500), (45, 500), (15, 500), (38, 500), (17, 500), (6, 500), (20, 500), (9, 500), (5, 500), (13, 500), (11, 500), (19, 500), (4, 500), (0, 500), (43, 500), (9, 500), (9, 500), (46, 500), (0, 1000), (0, 1000), (0, 1000), (0, 1000), (0, 1000), (0, 1000), (0, 1000), (0, 1000), (0, 1000), (0, 1000)]

Demands: [0, 2, 2, 6, 7, 7, 2, 5, 7, 3, 2, 7, 10, 3, 10, 6, 8, 2, 5, 4, 1, 0, 0, 0, 0, 0, 0, 0, 0, 0, 0]
Vehicle type list: ['EV', 'EV', 'EV', 'EV', 'ICE', 'ICE', 'ICE', 'ICE']
Vehicle capacities: [25, 25, 25, 25, 25, 25, 25, 25]

Battery Capacities: [100, 100, 100, 100, None, None, None, None]

Distance Matrix:
[0, 31, 30, 10, 67, 52, 49, 34, 46, 49, 34, 40, 29, 24, 44, 37, 4, 4, 18, 32, 35, 40, 18, 33, 35, 29, 37, 42, 44, 65, 42]
[31, 0, 30, 33, 89, 28, 74, 11, 32, 59, 65, 47, 52, 48, 21, 65, 35, 31, 45, 5, 21, 30, 42, 12, 15, 60, 12, 24, 57, 89, 54]
[30, 30, 0, 22, 97, 32, 51, 21, 18, 29, 58, 17, 58, 28, 23, 66, 33, 33, 48, 26, 47, 56, 25, 20, 18, 49, 41, 18, 28, 95, 25]
[10, 33, 22, 0, 76, 49, 42, 32, 39, 39, 37, 30, 38, 16, 40, 43, 11, 14, 27, 32, 42, 48, 9, 31, 32, 29, 41, 37, 34, 73, 32]
[67, 89, 97, 76, 0, 116, 90, 97, 112, 111, 50, 104, 39, 80, 108, 35, 65, 64, 49, 92, 75, 69, 78, 96, 99, 60, 85, 107, 105, 7, 104]
[52, 28, 32, 49, 116, 0, 82, 19, 18, 55, 86, 45, 78, 59, 9, 89, 56, 54, 69, 23, 47, 56, 55, 20, 18, 78, 36, 13, 56, 115, 54]
[49, 74, 51, 42, 90, 82, 0, 70, 66, 36, 40, 40, 63, 26, 74, 56, 46, 52, 54, 72, 83, 88, 33, 68, 68, 31, 83, 69, 30, 85, 32]
[34, 11, 21, 32, 97, 19, 70, 0, 21, 50, 67, 38, 58, 45, 11, 70, 38, 35, 50, 6, 32, 41, 39, 1, 4, 61, 23, 13, 49, 96, 46]
[46, 32, 18, 39, 112, 18, 66, 21, 0, 37, 76, 27, 74, 45, 14, 82, 49, 48, 64, 27, 53, 63, 42, 20, 17, 67, 44, 9, 38, 111, 36]
[49, 59, 29, 39, 111, 55, 36, 50, 37, 0, 64, 12, 76, 31, 49, 77, 50, 53, 65, 55, 75, 84, 34, 49, 47, 53, 70, 43, 7, 108, 8]
[34, 65, 58, 37, 50, 86, 40, 67, 76, 64, 0, 60, 28, 34, 77, 16, 30, 34, 24, 66, 63, 64, 34, 67, 68, 11, 69, 74, 57, 45, 57]
[40, 47, 17, 30, 104, 45, 40, 38, 27, 12, 60, 0, 67, 26, 38, 70, 41, 43, 56, 43, 64, 72, 26, 37, 35, 49, 58, 32, 12, 101, 9]
[29, 52, 58, 38, 39, 78, 63, 58, 74, 76, 28, 67, 0, 46, 69, 17, 26, 25, 11, 55, 42, 40, 42, 58, 60, 33, 50, 68, 69, 37, 68]
[24, 48, 28, 16, 80, 59, 26, 45, 45, 31, 34, 26, 46, 0, 50, 46, 23, 28, 35, 46, 57, 63, 6, 43, 43, 24, 57, 46, 24, 77, 23]
[44, 21, 23, 40, 108, 9, 74, 11, 14, 49, 77, 38, 69, 50, 0, 81, 47, 45, 61, 17, 42, 52, 46, 11, 9, 69, 32, 6, 49, 107, 47]
[37, 65, 66, 43, 35, 89, 56, 70, 82, 77, 16, 70, 17, 46, 81, 0, 34, 35, 20, 67, 58, 57, 44, 70, 72, 25, 66, 79, 70, 31, 69]
[4, 35, 33, 11, 65, 56, 46, 38, 49, 50, 30, 41, 26, 23, 47, 34, 0, 6, 16, 36, 38, 42, 17, 37, 39, 25, 40, 45, 44, 62, 43]
[4, 31, 33, 14, 64, 54, 52, 35, 48, 53, 34, 43, 25, 28, 45, 35, 6, 0, 16, 32, 32, 36, 22, 34, 36, 30, 35, 44, 48, 62, 46]
[18, 45, 48, 27, 49, 69, 54, 50, 64, 65, 24, 56, 11, 35, 61, 20, 16, 16, 0, 47, 40, 40, 31, 50, 52, 26, 46, 59, 59, 47, 57]
[32, 5, 26, 32, 92, 23, 72, 6, 27, 55, 66, 43, 55, 46, 17, 67, 36, 32, 47, 0, 26, 35, 40, 7, 10, 60, 17, 19, 53, 92, 50]
[35, 21, 47, 42, 75, 47, 83, 32, 53, 75, 63, 64, 42, 57, 42, 58, 38, 32, 40, 26, 0, 9, 51, 33, 36, 62, 11, 45, 72, 76, 70]
[40, 30, 56, 48, 69, 56, 88, 41, 63, 84, 64, 72, 40, 63, 52, 57, 42, 36, 40, 35, 9, 0, 57, 42, 45, 65, 20, 54, 80, 71, 77]
[18, 42, 25, 9, 78, 55, 33, 39, 42, 34, 34, 26, 42, 6, 46, 44, 17, 22, 31, 40, 51, 57, 0, 38, 38, 25, 50, 42, 28, 75, 26]
[33, 12, 20, 31, 96, 20, 68, 1, 20, 49, 67, 37, 58, 43, 11, 70, 37, 34, 50, 7, 33, 42, 38, 0, 3, 60, 24, 12, 48, 95, 45]
[35, 15, 18, 32, 99, 18, 68, 4, 17, 47, 68, 35, 60, 43, 9, 72, 39, 36, 52, 10, 36, 45, 38, 3, 0, 61, 27, 9, 46, 98, 43]
[29, 60, 49, 29, 60, 78, 31, 61, 67, 53, 11, 49, 33, 24, 69, 25, 25, 30, 26, 60, 62, 65, 25, 60, 61, 0, 66, 66, 46, 56, 46]
[37, 12, 41, 41, 85, 36, 83, 23, 44, 70, 69, 58, 50, 57, 32, 66, 40, 35, 46, 17, 11, 20, 50, 24, 27, 66, 0, 35, 68, 86, 65]
[42, 24, 18, 37, 107, 13, 69, 13, 9, 43, 74, 32, 68, 46, 6, 79, 45, 44, 59, 19, 45, 54, 42, 12, 9, 66, 35, 0, 44, 106, 41]
[44, 57, 28, 34, 105, 56, 30, 49, 38, 7, 57, 12, 69, 24, 49, 70, 44, 48, 59, 53, 72, 80, 28, 48, 46, 46, 68, 44, 0, 101, 3]
[65, 89, 95, 73, 7, 115, 85, 96, 111, 108, 45, 101, 37, 77, 107, 31, 62, 62, 47, 92, 76, 71, 75, 95, 98, 56, 86, 106, 101, 0, 100]
[42, 54, 25, 32, 104, 54, 32, 46, 36, 8, 57, 9, 68, 23, 47, 69, 43, 46, 57, 50, 70, 77, 26, 45, 43, 46, 65, 41, 3, 100, 0]
