Location coordinates of network setup:
[(0, 0), (-25, -2), (12, -2), (-5, -16), (-12, 26), (-38, 12), (26, -13), (15, -16), (50, 44), (-49, -44), (-19, 19), (43, -13), (-3, 28), (6, 21), (48, -47), (46, -9), (-14, 34), (-6, 2), (42, -42), (36, -6), (22, 34), (-18, 5), (34, -48), (12, -27), (-49, 24), (4, -9), (44, 49), (-29, 40), (-26, 50), (32, -37), (-41, -6), (25, -47), (6, -3), (37, -48), (3, -35), (40, 17), (38, -34), (-41, -42), (-34, 25), (6, -8), (-32, 18), (-16, -38), (41, -7), (38, 37), (-29, -27), (-8, -1), (24, -10), (20, 31), (-5, -21), (-32, -7), (21, 45), (-1, 14), (20, 28), (27, 7), (0, -41), (36, 18), (-32, -17), (15, -13), (-28, 25), (42, 35), (44, 27), (40, 38), (-48, -22), (-29, -25), (-47, 42), (-35, -16), (47, 36), (-23, 2), (-7, -24), (32, -44), (-34, -12), (35, -15), (45, -23), (-49, -34), (16, -12), (19, -25), (26, -37), (7, -15), (43, -50), (-48, -18), (-21, -36), (3, 2), (11, -10), (11, 0), (44, 41), (33, 43), (-31, -19), (25, -7), (-9, -6), (-11, -20), (30, 42), (18, 47), (9, -17), (25, -24), (-23, -27), (-39, 50), (0, -37), (4, -18), (43, -16), (-24, 16), (50, 26), (43, 21), (-42, -28), (-27, -44), (-23, 44), (-34, 18), (12, -41), (22, -22), (6, -21), (-34, -15), (15, 13), (-12, 22), (27, -10), (35, -35), (47, 34), (-12, -17), (17, 39), (-4, -20), (21, -17), (-37, 43), (-40, 16), (24, -41), (14, -9), (-38, -23), (42, -31), (-15, -35), (24, 18), (-7, -11), (17, -29), (1, -40), (-26, 37), (-19, 5), (-27, -8), (23, -23), (6, 19), (-21, 10), (-27, 35), (-16, -37), (-36, -13), (-3, 29), (7, 3), (9, 35), (31, 25), (20, -46), (-31, -44), (36, -43), (-8, 40), (45, 20), (-21, -44), (-14, 43), (14, 31)]

Depot Index: 0

Customer node indices: [1, 2, 3, 4, 5, 6, 7, 8, 9, 10, 11, 12, 13, 14, 15, 16, 17, 18, 19, 20, 21, 22, 23, 24, 25, 26, 27, 28, 29, 30, 31, 32, 33, 34, 35, 36, 37, 38, 39, 40, 41, 42, 43, 44, 45, 46, 47, 48, 49, 50, 51, 52, 53, 54, 55, 56, 57, 58, 59, 60, 61, 62, 63, 64, 65, 66, 67, 68, 69, 70, 71, 72, 73, 74, 75, 76, 77, 78, 79, 80, 81, 82, 83, 84, 85, 86, 87, 88, 89, 90, 91, 92, 93, 94, 95, 96, 97, 98, 99, 100]

Charging station indices: [101, 102, 103, 104, 105, 106, 107, 108, 109, 110, 111, 112, 113, 114, 115, 116, 117, 118, 119, 120, 121, 122, 123, 124, 125, 126, 127, 128, 129, 130, 131, 132, 133, 134, 135, 136, 137, 138, 139, 140, 141, 142, 143, 144, 145, 146, 147, 148, 149, 150]

Random service times: [0, 15, 11, 11, 13, 10, 11, 14, 11, 13, 14, 15, 15, 13, 10, 12, 14, 14, 15, 14, 13, 11, 13, 14, 12, 15, 11, 13, 10, 14, 12, 15, 11, 11, 12, 14, 14, 10, 10, 12, 11, 15, 11, 12, 10, 13, 11, 13, 12, 12, 13, 12, 10, 10, 11, 10, 12, 11, 11, 12, 14, 13, 13, 13, 14, 12, 14, 13, 11, 15, 15, 12, 14, 14, 15, 14, 14, 15, 12, 11, 11, 11, 12, 13, 14, 15, 15, 12, 10, 13, 10, 15, 10, 14, 15, 12, 11, 13, 14, 15, 15, 0, 0, 0, 0, 0, 0, 0, 0, 0, 0, 0, 0, 0, 0, 0, 0, 0, 0, 0, 0, 0, 0, 0, 0, 0, 0, 0, 0, 0, 0, 0, 0, 0, 0, 0, 0, 0, 0, 0, 0, 0, 0, 0, 0, 0, 0, 0, 0, 0, 0]

Time Windows: [(0, 1000), (22, 500), (48, 500), (22, 500), (31, 500), (4, 500), (43, 500), (1, 500), (1, 500), (38, 500), (7, 500), (2, 500), (6, 500), (32, 500), (17, 500), (30, 500), (46, 500), (21, 500), (42, 500), (26, 500), (5, 500), (31, 500), (37, 500), (11, 500), (38, 500), (31, 500), (44, 500), (20, 500), (24, 500), (31, 500), (48, 500), (20, 500), (50, 500), (23, 500), (44, 500), (21, 500), (13, 500), (9, 500), (38, 500), (33, 500), (16, 500), (42, 500), (26, 500), (9, 500), (9, 500), (37, 500), (21, 500), (29, 500), (39, 500), (20, 500), (22, 500), (44, 500), (38, 500), (38, 500), (28, 500), (36, 500), (14, 500), (15, 500), (0, 500), (23, 500), (39, 500), (16, 500), (23, 500), (10, 500), (29, 500), (30, 500), (18, 500), (5, 500), (17, 500), (47, 500), (18, 500), (35, 500), (43, 500), (23, 500), (7, 500), (12, 500), (0, 500), (9, 500), (8, 500), (3, 500), (28, 500), (15, 500), (19, 500), (16, 500), (13, 500), (31, 500), (24, 500), (28, 500), (36, 500), (48, 500), (31, 500), (23, 500), (18, 500), (9, 500), (20, 500), (41, 500), (30, 500), (0, 500), (42, 500), (4, 500), (43, 500), (0, 1000), (0, 1000), (0, 1000), (0, 1000), (0, 1000), (0, 1000), (0, 1000), (0, 1000), (0, 1000), (0, 1000), (0, 1000), (0, 1000), (0, 1000), (0, 1000), (0, 1000), (0, 1000), (0, 1000), (0, 1000), (0, 1000), (0, 1000), (0, 1000), (0, 1000), (0, 1000), (0, 1000), (0, 1000), (0, 1000), (0, 1000), (0, 1000), (0, 1000), (0, 1000), (0, 1000), (0, 1000), (0, 1000), (0, 1000), (0, 1000), (0, 1000), (0, 1000), (0, 1000), (0, 1000), (0, 1000), (0, 1000), (0, 1000), (0, 1000), (0, 1000), (0, 1000), (0, 1000), (0, 1000), (0, 1000), (0, 1000), (0, 1000)]

Demands: [0, 7, 8, 1, 10, 3, 6, 9, 8, 10, 9, 8, 6, 5, 2, 4, 9, 3, 6, 4, 8, 5, 3, 7, 2, 9, 4, 6, 8, 1, 7, 8, 10, 3, 8, 5, 3, 8, 2, 9, 8, 8, 2, 1, 7, 2, 5, 4, 8, 1, 10, 7, 4, 6, 8, 10, 2, 10, 1, 8, 8, 10, 10, 4, 6, 8, 2, 1, 7, 10, 8, 1, 8, 2, 6, 9, 1, 9, 3, 3, 6, 5, 8, 10, 6, 7, 5, 7, 8, 3, 10, 6, 4, 2, 8, 6, 2, 9, 8, 4, 8, 0, 0, 0, 0, 0, 0, 0, 0, 0, 0, 0, 0, 0, 0, 0, 0, 0, 0, 0, 0, 0, 0, 0, 0, 0, 0, 0, 0, 0, 0, 0, 0, 0, 0, 0, 0, 0, 0, 0, 0, 0, 0, 0, 0, 0, 0, 0, 0, 0, 0]

Vehicle Capacities: [27, 25, 30, 27, 30, 29, 29, 30, 29, 26, 25, 28, 29, 28, 26, 27, 28, 29, 27, 27, 26, 28, 30, 30, 30, 25, 25, 26, 26, 26, 28, 28, 29, 29, 26, 25, 26, 28, 29, 27]

Battery Capacities: [100, 100, 100, 100, 100, 100, 100, 100, 100, 100, 100, 100, 100, 100, 100, 100, 100, 100, 100, 100, 100, 100, 100, 100, 100, 100, 100, 100, 100, 100, 100, 100, 100, 100, 100, 100, 100, 100, 100, 100]

Distance Matrix:
[0, 25, 12, 17, 29, 40, 29, 22, 67, 66, 27, 45, 28, 22, 67, 47, 37, 6, 59, 36, 40, 19, 59, 30, 55, 10, 66, 49, 56, 49, 41, 53, 7, 61, 35, 43, 51, 59, 42, 10, 37, 41, 42, 53, 40, 8, 26, 37, 22, 33, 50, 14, 34, 28, 41, 40, 36, 20, 38, 55, 52, 55, 53, 38, 63, 38, 59, 23, 25, 54, 36, 38, 51, 60, 20, 31, 45, 17, 66, 51, 42, 4, 15, 11, 60, 54, 36, 26, 11, 23, 52, 50, 19, 35, 35, 63, 37, 18, 46, 29, 56, 48, 50, 52, 50, 38, 43, 31, 22, 37, 20, 25, 29, 49, 58, 21, 43, 20, 27, 57, 43, 48, 17, 44, 52, 38, 30, 13, 34, 40, 45, 20, 28, 33, 20, 23, 44, 40, 38, 29, 8, 36, 40, 50, 54, 56, 41, 49, 49, 45, 34]
[25, 0, 37, 24, 31, 19, 52, 42, 88, 48, 22, 69, 37, 39, 86, 71, 38, 19, 78, 61, 59, 10, 75, 45, 35, 30, 86, 42, 52, 67, 16, 67, 31, 77, 43, 68, 71, 43, 28, 32, 21, 37, 66, 74, 25, 17, 50, 56, 28, 9, 66, 29, 54, 53, 46, 64, 17, 41, 27, 77, 75, 76, 30, 23, 49, 17, 81, 4, 28, 71, 13, 61, 73, 40, 42, 50, 62, 35, 83, 28, 34, 28, 37, 36, 81, 73, 18, 50, 16, 23, 70, 65, 37, 55, 25, 54, 43, 33, 69, 18, 80, 72, 31, 42, 46, 22, 54, 51, 36, 16, 43, 27, 53, 68, 80, 20, 59, 28, 48, 47, 23, 63, 40, 25, 73, 34, 53, 20, 50, 46, 39, 9, 6, 52, 37, 13, 37, 36, 16, 38, 32, 50, 62, 63, 42, 73, 45, 73, 42, 46, 51]
[12, 37, 0, 22, 37, 52, 18, 14, 60, 74, 37, 33, 34, 24, 58, 35, 44, 18, 50, 24, 37, 31, 51, 25, 66, 11, 60, 59, 64, 40, 53, 47, 6, 52, 34, 34, 41, 66, 53, 8, 48, 46, 29, 47, 48, 20, 14, 34, 25, 44, 48, 21, 31, 17, 41, 31, 46, 11, 48, 48, 43, 49, 63, 47, 74, 49, 52, 35, 29, 47, 47, 26, 39, 69, 11, 24, 38, 14, 57, 62, 47, 10, 8, 2, 54, 50, 46, 14, 21, 29, 48, 49, 15, 26, 43, 73, 37, 18, 34, 40, 47, 39, 60, 57, 58, 50, 39, 22, 20, 48, 15, 34, 17, 40, 50, 28, 41, 24, 17, 67, 55, 41, 7, 54, 42, 43, 23, 21, 27, 40, 54, 32, 39, 24, 22, 35, 54, 45, 49, 34, 7, 37, 33, 45, 60, 48, 47, 40, 53, 52, 33]
[17, 24, 22, 0, 43, 43, 31, 20, 81, 52, 38, 48, 44, 39, 61, 51, 51, 18, 54, 42, 57, 25, 50, 20, 59, 11, 81, 61, 69, 43, 37, 43, 17, 53, 21, 56, 47, 44, 50, 14, 43, 25, 47, 68, 26, 15, 30, 53, 5, 28, 66, 30, 51, 39, 25, 53, 27, 20, 47, 69, 65, 70, 43, 26, 72, 30, 74, 25, 8, 46, 29, 40, 50, 48, 21, 26, 37, 12, 59, 43, 26, 20, 17, 23, 75, 70, 26, 31, 11, 7, 68, 67, 14, 31, 21, 74, 22, 9, 48, 37, 69, 61, 39, 36, 63, 45, 30, 28, 12, 29, 35, 39, 33, 44, 72, 7, 59, 4, 26, 67, 47, 38, 20, 34, 49, 21, 45, 5, 26, 25, 57, 25, 23, 29, 37, 31, 56, 24, 31, 45, 22, 53, 55, 39, 38, 49, 56, 62, 32, 60, 51]
[29, 31, 37, 43, 0, 30, 54, 50, 65, 79, 10, 67, 9, 19, 94, 68, 8, 25, 87, 58, 35, 22, 87, 58, 37, 38, 61, 22, 28, 77, 43, 82, 34, 89, 63, 53, 78, 74, 22, 38, 22, 64, 62, 51, 56, 27, 51, 32, 48, 39, 38, 16, 32, 43, 68, 49, 47, 47, 16, 55, 56, 53, 60, 54, 38, 48, 60, 26, 50, 83, 44, 62, 75, 70, 47, 60, 74, 45, 94, 57, 63, 28, 43, 35, 58, 48, 49, 50, 32, 46, 45, 37, 48, 62, 54, 36, 64, 47, 69, 16, 62, 55, 62, 72, 21, 23, 71, 59, 50, 47, 30, 4, 53, 77, 60, 43, 32, 47, 54, 30, 30, 76, 44, 55, 79, 61, 37, 37, 62, 67, 18, 22, 37, 60, 19, 18, 17, 63, 46, 9, 30, 23, 43, 79, 73, 84, 15, 57, 71, 17, 26]
[40, 19, 52, 43, 30, 0, 69, 60, 94, 57, 20, 85, 38, 45, 104, 87, 33, 34, 97, 76, 64, 21, 94, 63, 16, 47, 90, 29, 40, 85, 18, 86, 46, 96, 62, 78, 89, 54, 14, 48, 8, 55, 81, 80, 40, 33, 66, 61, 47, 20, 68, 37, 60, 65, 65, 74, 30, 59, 16, 83, 83, 82, 35, 38, 31, 28, 88, 18, 48, 90, 24, 78, 90, 47, 59, 68, 81, 52, 102, 32, 51, 42, 54, 50, 87, 77, 32, 66, 34, 42, 74, 66, 55, 73, 42, 38, 62, 52, 86, 15, 89, 81, 40, 57, 35, 7, 73, 69, 55, 27, 53, 28, 69, 87, 88, 39, 61, 47, 66, 31, 4, 82, 56, 35, 91, 52, 62, 39, 69, 65, 28, 20, 23, 70, 45, 17, 25, 54, 25, 39, 46, 52, 70, 82, 56, 92, 41, 83, 59, 39, 55]
[29, 52, 18, 31, 54, 69, 0, 11, 62, 81, 55, 17, 50, 39, 40, 20, 62, 35, 33, 12, 47, 48, 36, 20, 84, 22, 65, 76, 82, 25, 67, 34, 22, 37, 32, 33, 24, 73, 71, 21, 66, 49, 16, 51, 57, 36, 4, 44, 32, 58, 58, 38, 41, 20, 38, 33, 58, 11, 66, 51, 44, 53, 75, 56, 91, 61, 53, 51, 35, 32, 60, 9, 21, 78, 10, 14, 24, 19, 41, 74, 52, 27, 15, 20, 57, 56, 57, 6, 36, 38, 55, 61, 17, 11, 51, 91, 35, 23, 17, 58, 46, 38, 70, 61, 75, 68, 31, 10, 22, 60, 28, 52, 3, 24, 51, 38, 53, 31, 6, 84, 72, 28, 13, 65, 24, 47, 31, 33, 18, 37, 72, 48, 53, 10, 38, 52, 72, 48, 62, 51, 25, 51, 38, 34, 65, 32, 63, 38, 56, 69, 46]
[22, 42, 14, 20, 50, 60, 11, 0, 69, 70, 49, 28, 48, 38, 45, 32, 58, 28, 37, 23, 50, 39, 37, 11, 75, 13, 71, 71, 78, 27, 57, 33, 16, 39, 22, 41, 29, 62, 64, 12, 58, 38, 28, 58, 45, 27, 11, 47, 21, 48, 61, 34, 44, 26, 29, 40, 47, 3, 59, 58, 52, 60, 63, 45, 85, 50, 61, 42, 23, 33, 49, 20, 31, 66, 4, 10, 24, 8, 44, 63, 41, 22, 7, 16, 64, 62, 46, 13, 26, 26, 60, 63, 6, 13, 40, 85, 26, 11, 28, 50, 55, 46, 58, 50, 71, 60, 25, 9, 10, 49, 29, 47, 13, 28, 59, 27, 55, 19, 6, 79, 64, 27, 7, 53, 31, 36, 35, 23, 13, 28, 67, 40, 43, 11, 36, 44, 66, 37, 51, 48, 21, 51, 44, 30, 54, 34, 61, 47, 46, 66, 47]
[67, 88, 60, 81, 65, 94, 62, 69, 0, 132, 73, 57, 55, 50, 91, 53, 65, 70, 86, 52, 30, 78, 93, 81, 101, 70, 8, 79, 76, 83, 104, 94, 64, 93, 92, 29, 79, 125, 86, 68, 86, 105, 52, 14, 106, 73, 60, 33, 85, 97, 29, 59, 34, 44, 99, 30, 102, 67, 80, 12, 18, 12, 118, 105, 97, 104, 9, 84, 89, 90, 101, 61, 67, 126, 66, 76, 84, 73, 94, 116, 107, 63, 67, 59, 7, 17, 103, 57, 77, 88, 20, 32, 73, 72, 102, 89, 95, 77, 60, 79, 18, 24, 117, 117, 73, 88, 93, 72, 78, 103, 47, 66, 59, 80, 10, 87, 33, 84, 68, 87, 94, 89, 64, 111, 75, 102, 37, 79, 80, 97, 76, 79, 93, 72, 51, 79, 78, 104, 103, 55, 59, 42, 27, 95, 120, 88, 58, 25, 113, 64, 38]
[66, 48, 74, 52, 79, 57, 81, 70, 132, 0, 70, 97, 85, 85, 97, 101, 85, 63, 91, 93, 105, 58, 83, 63, 68, 64, 132, 86, 97, 81, 39, 74, 69, 86, 53, 108, 88, 8, 71, 66, 64, 34, 97, 119, 26, 59, 81, 102, 50, 41, 113, 75, 100, 92, 49, 105, 32, 71, 72, 121, 117, 121, 22, 28, 86, 31, 125, 53, 47, 81, 35, 89, 96, 10, 72, 71, 75, 63, 92, 26, 29, 69, 69, 74, 126, 120, 31, 83, 55, 45, 117, 113, 64, 77, 31, 95, 49, 59, 96, 65, 121, 113, 17, 22, 92, 64, 61, 74, 60, 33, 86, 76, 83, 84, 124, 46, 106, 51, 75, 88, 61, 73, 72, 24, 92, 35, 96, 53, 68, 50, 84, 57, 42, 75, 84, 61, 82, 34, 34, 86, 73, 98, 106, 69, 18, 85, 93, 114, 28, 94, 98]
[27, 22, 37, 38, 10, 20, 55, 49, 73, 70, 0, 70, 18, 25, 94, 71, 16, 21, 86, 60, 44, 14, 85, 55, 30, 36, 70, 23, 32, 76, 33, 79, 33, 87, 58, 59, 78, 65, 16, 37, 13, 57, 65, 60, 47, 23, 52, 41, 42, 29, 48, 19, 40, 48, 63, 55, 38, 47, 11, 63, 64, 62, 50, 45, 36, 38, 68, 17, 45, 81, 34, 64, 77, 61, 47, 58, 72, 43, 93, 47, 55, 28, 42, 36, 67, 57, 40, 51, 27, 40, 54, 46, 46, 62, 46, 37, 59, 44, 71, 6, 69, 62, 52, 64, 25, 15, 68, 58, 47, 37, 35, 8, 54, 76, 68, 37, 41, 42, 54, 30, 21, 74, 43, 46, 79, 54, 43, 32, 60, 62, 19, 14, 28, 59, 25, 9, 18, 56, 36, 19, 31, 32, 50, 76, 64, 83, 24, 64, 63, 25, 35]
[45, 69, 33, 48, 67, 85, 17, 28, 57, 97, 70, 0, 62, 50, 34, 5, 74, 51, 29, 10, 51, 64, 36, 34, 99, 39, 62, 89, 93, 26, 84, 38, 38, 36, 46, 30, 22, 89, 86, 37, 81, 64, 6, 50, 73, 52, 19, 50, 49, 75, 62, 52, 47, 26, 51, 32, 75, 28, 81, 48, 40, 51, 91, 73, 105, 78, 49, 68, 51, 33, 77, 8, 10, 94, 27, 27, 29, 36, 37, 91, 68, 43, 32, 35, 54, 57, 74, 19, 52, 54, 57, 65, 34, 21, 67, 103, 49, 39, 3, 73, 40, 34, 86, 77, 87, 83, 42, 23, 38, 77, 38, 65, 16, 23, 47, 55, 58, 48, 22, 98, 88, 34, 29, 82, 18, 62, 36, 50, 31, 50, 85, 65, 70, 22, 49, 68, 85, 64, 79, 62, 39, 59, 40, 40, 80, 31, 74, 33, 71, 80, 53]
[28, 37, 34, 44, 9, 38, 50, 48, 55, 85, 18, 62, 0, 11, 91, 61, 13, 26, 83, 52, 26, 27, 85, 57, 46, 38, 51, 29, 32, 74, 51, 80, 32, 86, 63, 44, 74, 80, 31, 37, 31, 67, 56, 42, 61, 29, 47, 23, 49, 45, 29, 14, 23, 37, 69, 40, 54, 45, 25, 46, 47, 44, 67, 59, 46, 54, 51, 33, 52, 80, 51, 57, 70, 77, 44, 57, 71, 44, 91, 64, 66, 27, 40, 31, 49, 39, 55, 45, 35, 49, 36, 28, 47, 59, 59, 42, 65, 47, 64, 24, 53, 47, 68, 76, 26, 33, 71, 56, 50, 53, 23, 11, 48, 74, 50, 46, 23, 48, 51, 37, 39, 74, 41, 62, 74, 64, 29, 39, 60, 68, 25, 28, 43, 57, 13, 25, 25, 66, 53, 1, 27, 14, 34, 77, 77, 81, 13, 49, 74, 19, 17]
[22, 39, 24, 39, 19, 45, 39, 38, 50, 85, 25, 50, 11, 0, 80, 50, 24, 22, 73, 40, 21, 29, 74, 48, 55, 30, 47, 40, 43, 64, 54, 71, 24, 76, 56, 34, 64, 79, 40, 29, 38, 63, 45, 36, 59, 26, 36, 17, 43, 47, 28, 10, 16, 25, 62, 30, 54, 35, 34, 39, 38, 38, 69, 58, 57, 55, 44, 35, 47, 70, 52, 46, 59, 78, 34, 48, 61, 36, 80, 67, 63, 19, 31, 22, 43, 35, 54, 34, 31, 44, 32, 29, 38, 49, 56, 54, 58, 39, 52, 30, 44, 37, 69, 73, 37, 40, 62, 46, 42, 54, 12, 18, 37, 63, 43, 42, 21, 42, 41, 48, 46, 65, 31, 62, 63, 60, 18, 35, 51, 61, 36, 30, 44, 47, 2, 29, 36, 62, 54, 12, 18, 14, 25, 68, 75, 71, 24, 39, 70, 30, 13]
[67, 86, 58, 61, 94, 104, 40, 45, 91, 97, 94, 34, 91, 80, 0, 38, 102, 73, 8, 43, 85, 84, 14, 41, 120, 58, 96, 116, 122, 19, 98, 23, 61, 11, 47, 64, 16, 89, 109, 57, 103, 65, 41, 85, 80, 72, 44, 83, 59, 89, 96, 78, 80, 58, 48, 66, 85, 47, 105, 82, 74, 85, 99, 80, 130, 89, 83, 86, 60, 16, 89, 35, 24, 98, 47, 36, 24, 52, 6, 100, 70, 67, 52, 60, 88, 91, 84, 46, 70, 65, 91, 99, 49, 33, 74, 130, 49, 53, 31, 96, 73, 68, 92, 75, 115, 105, 36, 36, 49, 88, 68, 91, 43, 18, 81, 67, 91, 59, 40, 124, 108, 25, 51, 89, 17, 64, 69, 66, 36, 48, 112, 85, 85, 35, 78, 89, 111, 65, 91, 92, 65, 91, 74, 28, 79, 13, 103, 67, 69, 109, 85]
[47, 71, 35, 51, 68, 87, 20, 32, 53, 101, 71, 5, 61, 50, 38, 0, 74, 53, 33, 10, 49, 66, 41, 38, 101, 42, 58, 90, 93, 31, 87, 43, 40, 40, 50, 27, 26, 93, 87, 40, 83, 68, 5, 47, 77, 55, 22, 48, 52, 78, 60, 52, 45, 25, 56, 29, 78, 31, 81, 44, 36, 47, 95, 77, 106, 81, 45, 70, 55, 38, 80, 13, 14, 98, 30, 31, 34, 39, 41, 94, 72, 44, 35, 36, 50, 54, 78, 21, 55, 58, 53, 63, 38, 26, 71, 103, 54, 43, 8, 74, 35, 30, 90, 81, 87, 84, 47, 27, 42, 80, 38, 66, 19, 28, 43, 59, 56, 51, 26, 98, 90, 39, 32, 85, 22, 66, 35, 53, 35, 55, 85, 66, 73, 27, 49, 70, 85, 68, 82, 62, 41, 57, 37, 45, 85, 35, 73, 29, 76, 79, 51]
[37, 38, 44, 51, 8, 33, 62, 58, 65, 85, 16, 74, 13, 24, 102, 74, 0, 33, 94, 64, 36, 29, 95, 66, 36, 47, 60, 16, 20, 85, 48, 90, 42, 97, 71, 57, 86, 81, 22, 47, 24, 72, 69, 52, 63, 36, 58, 34, 56, 45, 37, 24, 35, 49, 76, 52, 54, 55, 17, 56, 58, 54, 66, 61, 34, 54, 61, 33, 58, 91, 50, 69, 82, 76, 55, 68, 81, 53, 102, 62, 70, 36, 51, 42, 58, 48, 56, 57, 40, 54, 45, 35, 56, 70, 62, 30, 72, 55, 76, 21, 64, 58, 68, 79, 13, 26, 79, 67, 59, 53, 36, 12, 60, 85, 61, 51, 31, 55, 62, 25, 32, 84, 51, 62, 86, 69, 41, 46, 70, 76, 12, 29, 44, 68, 25, 25, 13, 71, 52, 12, 37, 23, 46, 87, 80, 92, 8, 61, 78, 9, 28]
[6, 19, 18, 18, 25, 34, 35, 28, 70, 63, 21, 51, 26, 22, 73, 53, 33, 0, 65, 43, 43, 12, 64, 34, 48, 15, 69, 44, 52, 54, 36, 58, 13, 66, 38, 48, 57, 56, 36, 16, 31, 41, 48, 56, 37, 4, 32, 39, 23, 28, 51, 13, 37, 33, 43, 45, 32, 26, 32, 58, 56, 58, 48, 35, 57, 34, 63, 17, 26, 60, 31, 44, 57, 56, 26, 37, 50, 21, 71, 47, 41, 9, 21, 17, 63, 57, 33, 32, 9, 23, 54, 51, 24, 40, 34, 58, 39, 22, 52, 23, 61, 53, 47, 51, 45, 32, 47, 37, 26, 33, 24, 21, 35, 55, 62, 20, 44, 22, 33, 51, 37, 52, 23, 41, 58, 38, 34, 13, 39, 43, 40, 13, 23, 38, 21, 17, 39, 40, 34, 27, 13, 36, 44, 55, 52, 62, 38, 54, 48, 42, 35]
[59, 78, 50, 54, 87, 97, 33, 37, 86, 91, 86, 29, 83, 73, 8, 33, 94, 65, 0, 36, 79, 76, 10, 34, 112, 50, 91, 108, 114, 11, 90, 18, 53, 8, 40, 59, 9, 83, 101, 50, 95, 58, 35, 79, 73, 65, 37, 76, 51, 82, 89, 71, 73, 51, 42, 60, 78, 40, 97, 77, 69, 80, 92, 73, 122, 81, 78, 78, 52, 10, 82, 28, 19, 91, 40, 29, 17, 44, 8, 93, 63, 59, 45, 52, 83, 85, 77, 39, 62, 57, 85, 92, 41, 25, 67, 123, 42, 45, 26, 88, 68, 63, 85, 69, 108, 97, 30, 28, 42, 81, 61, 84, 35, 10, 76, 60, 85, 51, 33, 116, 100, 18, 43, 82, 11, 57, 63, 58, 28, 41, 104, 77, 77, 27, 71, 82, 103, 58, 83, 84, 57, 84, 68, 22, 73, 6, 96, 62, 63, 102, 78]
[36, 61, 24, 42, 58, 76, 12, 23, 52, 93, 60, 10, 52, 40, 43, 10, 64, 43, 36, 0, 42, 55, 42, 32, 90, 32, 56, 80, 84, 31, 77, 42, 30, 42, 44, 23, 28, 85, 77, 30, 72, 61, 5, 43, 68, 44, 13, 40, 44, 68, 53, 42, 38, 16, 50, 24, 69, 22, 71, 41, 34, 44, 86, 68, 96, 72, 43, 60, 47, 38, 70, 9, 19, 89, 21, 25, 33, 30, 45, 85, 64, 34, 25, 26, 48, 49, 68, 11, 45, 49, 48, 56, 29, 21, 63, 94, 48, 34, 12, 64, 35, 28, 81, 74, 77, 74, 42, 21, 34, 71, 28, 56, 10, 29, 41, 49, 49, 42, 19, 88, 79, 37, 22, 76, 26, 59, 27, 43, 30, 49, 75, 56, 63, 21, 39, 59, 75, 61, 72, 52, 30, 49, 31, 43, 77, 37, 64, 28, 69, 70, 43]
[40, 59, 37, 57, 35, 64, 47, 50, 30, 105, 44, 51, 26, 21, 85, 49, 36, 43, 79, 42, 0, 49, 83, 62, 72, 47, 27, 51, 51, 72, 75, 81, 40, 83, 72, 25, 70, 99, 57, 45, 56, 81, 45, 16, 80, 46, 44, 4, 61, 68, 11, 30, 6, 27, 78, 21, 74, 48, 51, 20, 23, 18, 90, 78, 69, 76, 25, 55, 65, 79, 72, 51, 61, 98, 46, 59, 71, 51, 87, 87, 82, 37, 45, 36, 23, 14, 75, 41, 51, 63, 11, 14, 53, 58, 76, 63, 74, 55, 54, 49, 29, 25, 89, 92, 46, 58, 76, 56, 57, 74, 22, 36, 44, 70, 25, 61, 7, 60, 51, 60, 65, 75, 44, 83, 68, 78, 16, 54, 63, 77, 48, 50, 65, 57, 22, 49, 49, 81, 75, 25, 34, 13, 13, 80, 94, 78, 31, 27, 89, 37, 9]
[19, 10, 31, 25, 22, 21, 48, 39, 78, 58, 14, 64, 27, 29, 84, 66, 29, 12, 76, 55, 49, 0, 74, 44, 36, 26, 76, 37, 46, 65, 25, 67, 25, 76, 45, 59, 68, 52, 26, 27, 19, 43, 60, 64, 34, 12, 45, 46, 29, 18, 56, 19, 44, 45, 49, 56, 26, 38, 22, 67, 66, 67, 40, 32, 47, 27, 72, 6, 31, 70, 23, 57, 69, 50, 38, 48, 61, 32, 82, 38, 41, 21, 33, 29, 72, 64, 27, 45, 14, 26, 61, 55, 35, 52, 32, 50, 46, 32, 65, 13, 71, 63, 41, 50, 39, 21, 55, 48, 35, 26, 34, 18, 47, 66, 71, 23, 49, 29, 45, 42, 25, 62, 35, 34, 70, 40, 44, 19, 49, 49, 33, 1, 16, 50, 28, 6, 31, 42, 25, 28, 25, 40, 53, 64, 51, 72, 36, 65, 49, 38, 41]
[59, 75, 51, 50, 87, 94, 36, 37, 93, 83, 85, 36, 85, 74, 14, 41, 95, 64, 10, 42, 83, 74, 0, 30, 110, 49, 98, 108, 115, 11, 86, 9, 53, 3, 34, 65, 15, 75, 100, 49, 93, 51, 42, 85, 66, 63, 39, 80, 47, 78, 94, 71, 77, 55, 35, 66, 73, 40, 96, 83, 76, 86, 86, 67, 121, 76, 85, 76, 48, 4, 77, 33, 27, 84, 40, 27, 14, 43, 9, 87, 56, 59, 44, 53, 90, 91, 71, 42, 60, 53, 90, 96, 40, 26, 61, 122, 36, 42, 33, 86, 76, 70, 79, 61, 108, 95, 23, 29, 39, 76, 64, 84, 39, 13, 83, 55, 89, 47, 34, 115, 98, 12, 44, 76, 19, 51, 67, 55, 25, 34, 104, 75, 73, 27, 73, 80, 103, 51, 78, 85, 58, 87, 73, 14, 65, 5, 98, 69, 55, 103, 81]
[30, 45, 25, 20, 58, 63, 20, 11, 81, 63, 55, 34, 57, 48, 41, 38, 66, 34, 34, 32, 62, 44, 30, 0, 80, 20, 82, 79, 86, 22, 57, 24, 25, 33, 12, 52, 27, 55, 69, 20, 63, 30, 35, 69, 41, 33, 21, 59, 18, 48, 73, 43, 56, 37, 18, 51, 45, 14, 66, 69, 63, 71, 60, 41, 91, 48, 72, 45, 19, 26, 48, 26, 33, 61, 16, 7, 17, 13, 39, 61, 34, 30, 17, 27, 75, 73, 44, 24, 30, 24, 71, 74, 10, 13, 35, 92, 16, 12, 33, 56, 65, 57, 54, 43, 79, 64, 14, 11, 8, 48, 40, 55, 23, 24, 70, 26, 66, 17, 13, 85, 67, 18, 18, 50, 30, 28, 47, 25, 5, 17, 74, 45, 43, 12, 46, 50, 73, 30, 50, 58, 30, 62, 55, 21, 46, 29, 70, 57, 37, 75, 58]
[55, 35, 66, 59, 37, 16, 84, 75, 101, 68, 30, 99, 46, 55, 120, 101, 36, 48, 112, 90, 72, 36, 110, 80, 0, 62, 96, 26, 35, 101, 31, 103, 61, 112, 79, 89, 105, 66, 15, 64, 18, 70, 95, 88, 55, 48, 81, 69, 63, 35, 73, 49, 69, 78, 81, 85, 44, 74, 21, 92, 93, 90, 46, 53, 18, 42, 97, 34, 64, 106, 39, 93, 105, 58, 74, 84, 97, 68, 118, 42, 66, 56, 69, 65, 95, 84, 47, 80, 50, 58, 81, 71, 71, 88, 57, 28, 78, 68, 100, 26, 99, 92, 52, 71, 33, 16, 89, 85, 71, 42, 65, 37, 83, 103, 97, 55, 68, 63, 81, 22, 12, 98, 71, 48, 106, 68, 73, 55, 85, 81, 26, 36, 39, 86, 55, 31, 25, 69, 39, 46, 60, 59, 80, 98, 70, 108, 44, 94, 74, 40, 63]
[10, 30, 11, 11, 38, 47, 22, 13, 70, 64, 36, 39, 38, 30, 58, 42, 47, 15, 50, 32, 47, 26, 49, 20, 62, 0, 70, 59, 66, 40, 45, 43, 6, 51, 26, 44, 42, 56, 51, 2, 45, 35, 37, 57, 38, 14, 20, 43, 15, 36, 57, 24, 40, 28, 32, 42, 37, 12, 47, 58, 54, 59, 54, 37, 72, 40, 62, 29, 19, 45, 38, 32, 43, 59, 12, 22, 36, 7, 57, 53, 37, 11, 7, 11, 64, 60, 36, 21, 13, 19, 57, 58, 9, 26, 32, 73, 28, 9, 40, 38, 58, 49, 50, 47, 59, 47, 33, 22, 12, 38, 25, 35, 23, 40, 61, 18, 50, 14, 19, 66, 51, 38, 10, 44, 44, 32, 34, 11, 24, 31, 55, 27, 31, 24, 28, 31, 54, 34, 40, 39, 12, 44, 43, 40, 49, 47, 50, 50, 43, 55, 41]
[66, 86, 60, 81, 61, 90, 65, 71, 8, 132, 70, 62, 51, 47, 96, 58, 60, 69, 91, 56, 27, 76, 98, 82, 96, 70, 0, 74, 70, 87, 101, 98, 64, 97, 93, 32, 83, 125, 82, 69, 82, 106, 56, 13, 105, 72, 62, 30, 85, 94, 23, 57, 32, 45, 100, 32, 101, 68, 76, 14, 22, 12, 116, 104, 91, 102, 13, 82, 89, 94, 99, 65, 72, 125, 67, 78, 88, 74, 99, 114, 107, 62, 68, 59, 8, 13, 101, 59, 76, 88, 16, 26, 75, 75, 101, 83, 97, 78, 65, 76, 24, 28, 115, 117, 67, 84, 96, 74, 80, 101, 46, 62, 61, 84, 15, 87, 29, 84, 70, 81, 90, 92, 65, 109, 80, 103, 37, 79, 83, 99, 71, 77, 91, 75, 48, 76, 72, 105, 101, 51, 59, 38, 27, 98, 119, 92, 53, 29, 113, 58, 35]
[49, 42, 59, 61, 22, 29, 76, 71, 79, 86, 23, 89, 29, 40, 116, 90, 16, 44, 108, 80, 51, 37, 108, 79, 26, 59, 74, 0, 10, 98, 48, 102, 55, 110, 82, 73, 100, 83, 16, 59, 22, 79, 84, 67, 67, 46, 73, 50, 66, 47, 50, 38, 50, 65, 86, 69, 57, 69, 15, 71, 74, 69, 65, 65, 18, 56, 76, 38, 68, 104, 52, 84, 97, 77, 69, 81, 95, 66, 115, 61, 76, 50, 64, 57, 73, 62, 59, 72, 50, 63, 59, 48, 69, 84, 67, 14, 82, 67, 91, 25, 80, 74, 69, 84, 7, 23, 91, 80, 70, 55, 52, 25, 75, 99, 76, 59, 46, 65, 76, 9, 26, 97, 65, 64, 100, 76, 57, 56, 83, 85, 4, 36, 48, 82, 41, 31, 5, 78, 53, 28, 52, 38, 62, 99, 84, 105, 21, 77, 84, 15, 44]
[56, 52, 64, 69, 28, 40, 82, 78, 76, 97, 32, 93, 32, 43, 122, 93, 20, 52, 114, 84, 51, 46, 115, 86, 35, 66, 70, 10, 0, 105, 58, 110, 62, 117, 90, 74, 106, 93, 26, 66, 33, 89, 88, 65, 77, 54, 78, 50, 74, 57, 47, 44, 51, 68, 95, 70, 67, 75, 25, 70, 74, 67, 75, 75, 22, 67, 74, 48, 76, 110, 63, 89, 102, 87, 75, 87, 101, 73, 121, 71, 86, 56, 70, 62, 71, 59, 69, 76, 59, 72, 57, 44, 76, 90, 77, 13, 91, 74, 95, 34, 80, 75, 80, 94, 7, 33, 99, 87, 78, 65, 55, 31, 80, 105, 75, 68, 44, 73, 82, 13, 37, 104, 71, 74, 106, 86, 59, 64, 90, 94, 13, 46, 58, 88, 45, 40, 15, 88, 64, 31, 57, 38, 62, 106, 94, 112, 21, 77, 94, 14, 44]
[49, 67, 40, 43, 77, 85, 25, 27, 83, 81, 76, 26, 74, 64, 19, 31, 85, 54, 11, 31, 72, 65, 11, 22, 101, 40, 87, 98, 105, 0, 79, 12, 43, 12, 29, 55, 7, 73, 91, 39, 84, 48, 31, 74, 62, 54, 28, 69, 40, 71, 83, 61, 66, 44, 32, 55, 67, 29, 86, 73, 65, 75, 81, 62, 112, 70, 75, 67, 41, 7, 71, 22, 19, 81, 30, 18, 6, 33, 17, 82, 53, 49, 34, 43, 79, 80, 66, 31, 51, 46, 79, 85, 30, 15, 56, 112, 32, 34, 24, 77, 66, 59, 75, 59, 98, 86, 20, 18, 31, 70, 53, 74, 27, 4, 73, 48, 77, 40, 23, 106, 89, 9, 33, 71, 12, 47, 56, 47, 17, 31, 94, 66, 66, 17, 62, 71, 93, 48, 72, 75, 47, 76, 62, 15, 63, 7, 87, 58, 53, 92, 70]
[41, 16, 53, 37, 43, 18, 67, 57, 104, 39, 33, 84, 51, 54, 98, 87, 48, 36, 90, 77, 75, 25, 86, 57, 31, 45, 101, 48, 58, 79, 0, 78, 47, 89, 53, 84, 84, 36, 32, 47, 26, 41, 82, 90, 24, 33, 65, 71, 39, 9, 80, 45, 70, 69, 54, 81, 14, 56, 34, 93, 91, 92, 17, 22, 48, 12, 98, 20, 38, 82, 9, 77, 88, 29, 57, 63, 74, 49, 95, 14, 36, 45, 52, 52, 97, 89, 16, 66, 32, 33, 86, 79, 51, 68, 28, 56, 51, 47, 85, 28, 96, 88, 22, 40, 53, 25, 64, 65, 49, 11, 59, 40, 68, 81, 97, 31, 73, 40, 63, 49, 22, 74, 55, 17, 87, 39, 69, 34, 62, 54, 46, 25, 14, 66, 53, 26, 43, 40, 9, 52, 49, 65, 78, 73, 39, 85, 57, 90, 43, 56, 66]
[53, 67, 47, 43, 82, 86, 34, 33, 94, 74, 79, 38, 80, 71, 23, 43, 90, 58, 18, 42, 81, 67, 9, 24, 103, 43, 98, 102, 110, 12, 78, 0, 48, 12, 25, 66, 18, 66, 93, 43, 86, 42, 43, 85, 58, 57, 37, 78, 40, 70, 92, 66, 75, 54, 26, 66, 64, 35, 89, 84, 76, 86, 77, 58, 114, 68, 86, 69, 39, 8, 69, 34, 31, 75, 36, 23, 10, 37, 18, 79, 47, 54, 40, 49, 90, 90, 63, 40, 53, 45, 89, 94, 34, 23, 52, 116, 27, 36, 36, 80, 77, 70, 70, 52, 103, 88, 14, 25, 32, 67, 61, 78, 37, 16, 84, 48, 86, 40, 30, 109, 91, 6, 40, 67, 23, 42, 65, 48, 20, 25, 98, 68, 65, 24, 69, 73, 97, 42, 70, 81, 53, 84, 72, 5, 56, 12, 93, 70, 46, 98, 79]
[7, 31, 6, 17, 34, 46, 22, 16, 64, 69, 33, 38, 32, 24, 61, 40, 42, 13, 53, 30, 40, 25, 53, 25, 61, 6, 64, 55, 62, 43, 47, 48, 0, 55, 32, 39, 45, 61, 49, 5, 43, 41, 35, 51, 42, 14, 19, 37, 21, 38, 50, 18, 34, 23, 38, 37, 40, 13, 44, 52, 48, 53, 57, 41, 70, 43, 57, 29, 25, 49, 41, 31, 44, 63, 13, 26, 39, 12, 60, 56, 43, 6, 9, 6, 58, 53, 40, 19, 15, 24, 51, 51, 14, 28, 38, 70, 35, 15, 39, 36, 53, 44, 54, 53, 55, 45, 38, 25, 18, 42, 18, 31, 22, 43, 55, 23, 43, 20, 21, 63, 50, 42, 10, 48, 46, 38, 28, 15, 28, 37, 51, 26, 33, 26, 22, 30, 50, 40, 43, 33, 6, 38, 38, 45, 55, 50, 45, 45, 49, 50, 35]
[61, 77, 52, 53, 89, 96, 37, 39, 93, 86, 87, 36, 86, 76, 11, 40, 97, 66, 8, 42, 83, 76, 3, 33, 112, 51, 97, 110, 117, 12, 89, 12, 55, 0, 36, 65, 14, 78, 102, 51, 95, 54, 41, 85, 69, 65, 40, 81, 50, 80, 94, 73, 78, 56, 38, 66, 76, 41, 98, 83, 75, 86, 89, 70, 123, 79, 85, 78, 50, 6, 80, 33, 26, 87, 42, 29, 16, 45, 6, 90, 59, 60, 46, 55, 89, 91, 74, 43, 62, 56, 90, 97, 42, 27, 64, 124, 39, 45, 33, 88, 75, 69, 81, 64, 110, 97, 26, 30, 41, 78, 65, 85, 39, 13, 83, 58, 89, 50, 35, 117, 100, 15, 45, 79, 18, 54, 67, 57, 28, 37, 106, 77, 75, 29, 74, 82, 105, 54, 81, 87, 59, 88, 73, 17, 68, 5, 99, 68, 58, 104, 82]
[35, 43, 34, 21, 63, 62, 32, 22, 92, 53, 58, 46, 63, 56, 47, 50, 71, 38, 40, 44, 72, 45, 34, 12, 79, 26, 93, 82, 90, 29, 53, 25, 32, 36, 0, 64, 35, 45, 70, 27, 64, 19, 47, 80, 33, 36, 33, 68, 16, 45, 82, 49, 65, 48, 7, 62, 39, 25, 68, 80, 74, 82, 53, 34, 92, 42, 84, 45, 15, 30, 44, 38, 44, 52, 26, 19, 23, 20, 43, 54, 24, 37, 26, 36, 86, 84, 38, 36, 31, 21, 82, 83, 19, 25, 27, 95, 4, 17, 44, 58, 77, 69, 46, 31, 83, 65, 11, 23, 14, 42, 49, 59, 35, 32, 82, 23, 75, 17, 25, 88, 67, 22, 28, 43, 39, 18, 57, 26, 15, 5, 78, 46, 40, 23, 54, 51, 76, 19, 45, 64, 38, 70, 66, 20, 35, 34, 76, 69, 26, 80, 67]
[43, 68, 34, 56, 53, 78, 33, 41, 29, 108, 59, 30, 44, 34, 64, 27, 57, 48, 59, 23, 25, 59, 65, 52, 89, 44, 32, 73, 74, 55, 84, 66, 39, 65, 64, 0, 51, 100, 74, 42, 72, 78, 24, 20, 82, 51, 31, 24, 59, 76, 34, 41, 23, 16, 70, 4, 80, 39, 68, 18, 11, 21, 96, 81, 91, 82, 20, 65, 62, 62, 79, 32, 40, 103, 38, 47, 56, 46, 67, 95, 81, 40, 40, 34, 24, 27, 80, 28, 54, 63, 27, 37, 46, 44, 77, 86, 67, 50, 33, 64, 13, 5, 94, 91, 69, 74, 64, 43, 51, 81, 25, 52, 30, 52, 18, 62, 32, 57, 39, 81, 80, 60, 37, 88, 48, 76, 16, 55, 51, 69, 69, 60, 72, 43, 34, 61, 69, 78, 82, 45, 36, 36, 12, 66, 94, 60, 53, 6, 86, 60, 30]
[51, 71, 41, 47, 78, 89, 24, 29, 79, 88, 78, 22, 74, 64, 16, 26, 86, 57, 9, 28, 70, 68, 15, 27, 105, 42, 83, 100, 106, 7, 84, 18, 45, 14, 35, 51, 0, 79, 93, 41, 87, 54, 27, 71, 67, 57, 28, 67, 45, 75, 81, 62, 65, 42, 39, 52, 72, 31, 89, 69, 61, 72, 87, 68, 114, 75, 71, 71, 46, 12, 75, 19, 13, 87, 31, 21, 12, 36, 17, 87, 59, 50, 36, 43, 75, 77, 71, 30, 55, 51, 76, 83, 34, 16, 61, 114, 38, 38, 19, 80, 61, 55, 80, 66, 99, 89, 27, 20, 35, 74, 52, 75, 26, 3, 69, 53, 76, 44, 24, 107, 93, 16, 35, 77, 5, 53, 54, 51, 22, 37, 96, 69, 70, 19, 62, 74, 95, 54, 77, 75, 48, 75, 59, 22, 70, 9, 87, 54, 60, 93, 69]
[59, 43, 66, 44, 74, 54, 73, 62, 125, 8, 65, 89, 80, 79, 89, 93, 81, 56, 83, 85, 99, 52, 75, 55, 66, 56, 125, 83, 93, 73, 36, 66, 61, 78, 45, 100, 79, 0, 67, 58, 61, 25, 89, 112, 19, 53, 72, 95, 42, 36, 107, 69, 93, 84, 41, 98, 27, 63, 68, 113, 109, 114, 21, 21, 84, 27, 118, 48, 38, 73, 31, 81, 88, 11, 64, 62, 67, 55, 84, 25, 21, 62, 61, 67, 119, 113, 25, 75, 48, 37, 110, 107, 56, 68, 23, 92, 41, 51, 88, 60, 114, 105, 14, 14, 88, 60, 53, 66, 51, 28, 78, 70, 75, 76, 116, 38, 100, 43, 67, 85, 58, 65, 64, 19, 84, 27, 88, 46, 59, 42, 80, 52, 37, 67, 77, 56, 78, 25, 29, 81, 66, 92, 98, 61, 10, 77, 88, 106, 20, 89, 91]
[42, 28, 53, 50, 22, 14, 71, 64, 86, 71, 16, 86, 31, 40, 109, 87, 22, 36, 101, 77, 57, 26, 100, 69, 15, 51, 82, 16, 26, 91, 32, 93, 49, 102, 70, 74, 93, 67, 0, 52, 7, 66, 82, 73, 52, 37, 68, 54, 54, 32, 59, 35, 54, 64, 74, 70, 42, 62, 6, 77, 78, 75, 49, 50, 21, 41, 82, 25, 56, 95, 37, 80, 92, 61, 62, 73, 86, 57, 107, 45, 62, 44, 57, 51, 80, 69, 44, 67, 40, 51, 66, 56, 60, 77, 53, 25, 71, 57, 87, 13, 84, 77, 54, 69, 22, 7, 80, 73, 61, 40, 50, 22, 70, 91, 81, 47, 53, 54, 69, 18, 11, 88, 59, 48, 94, 63, 58, 45, 74, 74, 14, 25, 34, 75, 40, 20, 12, 65, 38, 31, 47, 44, 65, 89, 69, 98, 30, 79, 70, 27, 48]
[10, 32, 8, 14, 38, 48, 21, 12, 68, 66, 37, 37, 37, 29, 57, 40, 47, 16, 50, 30, 45, 27, 49, 20, 64, 2, 69, 59, 66, 39, 47, 43, 5, 51, 27, 42, 41, 58, 52, 0, 46, 37, 35, 55, 40, 16, 18, 41, 17, 38, 55, 23, 39, 26, 34, 40, 39, 10, 47, 56, 52, 57, 56, 39, 73, 42, 60, 31, 21, 44, 40, 30, 42, 61, 11, 21, 35, 7, 56, 55, 39, 10, 5, 9, 62, 58, 39, 19, 15, 21, 55, 56, 9, 25, 35, 73, 30, 10, 38, 38, 56, 47, 52, 49, 60, 48, 34, 21, 13, 41, 23, 35, 21, 40, 59, 20, 48, 16, 17, 67, 52, 38, 8, 46, 43, 34, 32, 13, 24, 32, 55, 28, 33, 23, 27, 32, 54, 36, 42, 38, 11, 43, 41, 40, 52, 46, 50, 48, 45, 55, 40]
[37, 21, 48, 43, 22, 8, 66, 58, 86, 64, 13, 81, 31, 38, 103, 83, 24, 31, 95, 72, 56, 19, 93, 63, 18, 45, 82, 22, 33, 84, 26, 86, 43, 95, 64, 72, 87, 61, 7, 46, 0, 58, 77, 73, 45, 31, 63, 54, 47, 25, 59, 31, 53, 60, 67, 68, 35, 56, 8, 76, 77, 75, 43, 43, 28, 34, 81, 18, 49, 89, 30, 75, 87, 55, 57, 67, 80, 51, 101, 39, 55, 38, 51, 47, 79, 70, 37, 62, 33, 43, 66, 58, 54, 71, 46, 33, 64, 51, 82, 8, 82, 75, 47, 62, 28, 2, 74, 67, 54, 33, 47, 20, 65, 85, 81, 40, 53, 47, 64, 25, 8, 81, 53, 41, 89, 56, 56, 38, 68, 67, 20, 18, 26, 69, 38, 14, 18, 57, 31, 31, 42, 44, 63, 82, 62, 91, 33, 77, 63, 31, 48]
[41, 37, 46, 25, 64, 55, 49, 38, 105, 34, 57, 64, 67, 63, 65, 68, 72, 41, 58, 61, 81, 43, 51, 30, 70, 35, 106, 79, 89, 48, 41, 42, 41, 54, 19, 78, 54, 25, 66, 37, 58, 0, 65, 92, 17, 38, 49, 78, 20, 35, 91, 54, 75, 62, 16, 76, 26, 40, 64, 93, 88, 94, 36, 18, 86, 29, 97, 41, 17, 48, 32, 56, 63, 33, 41, 37, 42, 33, 60, 38, 5, 44, 39, 47, 99, 95, 24, 51, 33, 19, 92, 92, 33, 43, 13, 91, 16, 28, 63, 55, 92, 83, 28, 13, 82, 59, 28, 41, 28, 29, 60, 60, 51, 51, 96, 21, 84, 22, 43, 84, 59, 40, 42, 27, 58, 3, 69, 28, 34, 17, 76, 43, 32, 42, 61, 48, 74, 1, 32, 68, 47, 77, 79, 37, 16, 52, 78, 84, 8, 81, 75]
[42, 66, 29, 47, 62, 81, 16, 28, 52, 97, 65, 6, 56, 45, 41, 5, 69, 48, 35, 5, 45, 60, 42, 35, 95, 37, 56, 84, 88, 31, 82, 43, 35, 41, 47, 24, 27, 89, 82, 35, 77, 65, 0, 44, 73, 49, 17, 43, 48, 73, 56, 47, 41, 20, 53, 25, 74, 27, 76, 42, 34, 45, 90, 72, 101, 77, 43, 65, 51, 38, 75, 10, 16, 94, 25, 28, 34, 35, 43, 90, 68, 39, 30, 31, 48, 51, 73, 16, 50, 54, 50, 59, 34, 23, 67, 98, 51, 39, 9, 69, 34, 28, 86, 77, 82, 79, 45, 24, 38, 75, 33, 60, 14, 29, 41, 54, 52, 47, 22, 93, 84, 38, 27, 81, 24, 63, 30, 48, 33, 52, 80, 61, 68, 24, 44, 64, 80, 64, 77, 57, 35, 53, 34, 44, 81, 36, 68, 27, 72, 74, 47]
[53, 74, 47, 68, 51, 80, 51, 58, 14, 119, 60, 50, 42, 36, 85, 47, 52, 56, 79, 43, 16, 64, 85, 69, 88, 57, 13, 67, 65, 74, 90, 85, 51, 85, 80, 20, 71, 112, 73, 55, 73, 92, 44, 0, 93, 60, 49, 19, 72, 83, 19, 45, 20, 32, 87, 19, 88, 55, 67, 4, 12, 2, 104, 91, 85, 90, 9, 70, 76, 81, 87, 52, 60, 112, 54, 65, 75, 61, 87, 102, 94, 49, 54, 46, 7, 8, 89, 46, 64, 75, 9, 22, 61, 62, 88, 78, 83, 65, 53, 65, 16, 17, 103, 104, 61, 74, 82, 61, 66, 89, 33, 52, 48, 72, 9, 74, 21, 71, 57, 75, 81, 79, 52, 97, 68, 89, 24, 66, 69, 85, 64, 65, 79, 62, 37, 65, 65, 92, 89, 42, 46, 29, 14, 85, 106, 80, 46, 18, 100, 52, 25]
[40, 25, 48, 26, 56, 40, 57, 45, 106, 26, 47, 73, 61, 59, 80, 77, 63, 37, 73, 68, 80, 34, 66, 41, 55, 38, 105, 67, 77, 62, 24, 58, 42, 69, 33, 82, 67, 19, 52, 40, 45, 17, 73, 93, 0, 33, 56, 76, 25, 20, 88, 50, 74, 66, 32, 79, 10, 46, 52, 94, 91, 95, 20, 2, 71, 13, 99, 30, 22, 63, 16, 65, 74, 21, 47, 48, 56, 38, 76, 21, 12, 43, 43, 48, 100, 94, 8, 58, 29, 19, 91, 88, 39, 54, 6, 78, 31, 34, 73, 43, 95, 87, 13, 17, 71, 45, 43, 51, 36, 13, 59, 52, 59, 64, 97, 20, 80, 26, 51, 70, 44, 55, 47, 10, 71, 16, 70, 27, 46, 33, 64, 34, 19, 52, 58, 38, 62, 16, 16, 62, 47, 73, 79, 53, 17, 67, 70, 88, 19, 72, 72]
[8, 17, 20, 15, 27, 33, 36, 27, 73, 59, 23, 52, 29, 26, 72, 55, 36, 4, 65, 44, 46, 12, 63, 33, 48, 14, 72, 46, 54, 54, 33, 57, 14, 65, 36, 51, 57, 53, 37, 16, 31, 38, 49, 60, 33, 0, 33, 43, 20, 25, 54, 17, 40, 36, 41, 48, 29, 26, 33, 62, 59, 62, 45, 32, 58, 31, 66, 15, 23, 59, 28, 45, 57, 53, 26, 36, 50, 21, 71, 43, 37, 11, 21, 19, 67, 60, 29, 34, 5, 19, 57, 55, 23, 40, 30, 60, 37, 21, 53, 23, 64, 56, 43, 47, 47, 32, 45, 37, 24, 30, 27, 23, 36, 55, 65, 16, 47, 19, 33, 53, 36, 51, 23, 37, 58, 35, 37, 10, 38, 40, 42, 13, 20, 38, 24, 17, 41, 37, 30, 30, 16, 40, 47, 53, 49, 61, 41, 57, 45, 44, 39]
[26, 50, 14, 30, 51, 66, 4, 11, 60, 81, 52, 19, 47, 36, 44, 22, 58, 32, 37, 13, 44, 45, 39, 21, 81, 20, 62, 73, 78, 28, 65, 37, 19, 40, 33, 31, 28, 72, 68, 18, 63, 49, 17, 49, 56, 33, 0, 41, 31, 56, 55, 35, 38, 17, 39, 30, 56, 9, 63, 48, 42, 51, 73, 55, 88, 59, 51, 49, 34, 35, 58, 12, 25, 77, 8, 16, 27, 18, 44, 72, 52, 24, 13, 16, 55, 54, 56, 3, 33, 36, 52, 57, 17, 14, 50, 87, 36, 22, 20, 55, 44, 36, 68, 61, 72, 64, 33, 12, 21, 58, 25, 48, 3, 27, 50, 37, 49, 30, 8, 81, 69, 31, 10, 63, 28, 46, 28, 31, 20, 38, 69, 46, 51, 13, 34, 49, 68, 48, 60, 47, 21, 47, 36, 36, 65, 35, 59, 37, 56, 65, 42]
[37, 56, 34, 53, 32, 61, 44, 47, 33, 102, 41, 50, 23, 17, 83, 48, 34, 39, 76, 40, 4, 46, 80, 59, 69, 43, 30, 50, 50, 69, 71, 78, 37, 81, 68, 24, 67, 95, 54, 41, 54, 78, 43, 19, 76, 43, 41, 0, 58, 64, 14, 27, 3, 25, 75, 21, 71, 44, 48, 22, 24, 21, 86, 74, 68, 72, 27, 52, 61, 76, 69, 48, 60, 95, 43, 56, 68, 48, 84, 84, 79, 34, 42, 32, 26, 18, 71, 38, 47, 60, 15, 16, 49, 55, 72, 62, 71, 52, 52, 46, 30, 25, 86, 89, 45, 56, 72, 53, 54, 71, 19, 33, 42, 68, 27, 58, 9, 56, 48, 58, 62, 72, 40, 79, 66, 75, 14, 50, 60, 73, 46, 47, 61, 54, 18, 46, 47, 77, 71, 23, 31, 12, 13, 77, 91, 76, 29, 27, 85, 36, 6]
[22, 28, 25, 5, 48, 47, 32, 21, 85, 50, 42, 49, 49, 43, 59, 52, 56, 23, 51, 44, 61, 29, 47, 18, 63, 15, 85, 66, 74, 40, 39, 40, 21, 50, 16, 59, 45, 42, 54, 17, 47, 20, 48, 72, 25, 20, 31, 58, 0, 30, 71, 35, 55, 43, 21, 57, 27, 22, 51, 73, 69, 74, 43, 24, 76, 30, 77, 29, 4, 44, 30, 40, 50, 46, 23, 24, 35, 13, 56, 43, 22, 24, 19, 26, 79, 74, 26, 33, 16, 6, 72, 72, 15, 30, 19, 79, 17, 9, 48, 42, 72, 64, 38, 32, 67, 49, 26, 27, 11, 30, 39, 44, 34, 42, 76, 8, 64, 1, 26, 72, 51, 35, 22, 33, 48, 17, 49, 10, 23, 20, 62, 30, 26, 28, 41, 35, 60, 19, 32, 50, 27, 58, 58, 35, 35, 47, 61, 65, 28, 65, 55]
[33, 9, 44, 28, 39, 20, 58, 48, 97, 41, 29, 75, 45, 47, 89, 78, 45, 28, 82, 68, 68, 18, 78, 48, 35, 36, 94, 47, 57, 71, 9, 70, 38, 80, 45, 76, 75, 36, 32, 38, 25, 35, 73, 83, 20, 25, 56, 64, 30, 0, 74, 37, 63, 61, 47, 72, 10, 47, 32, 85, 83, 85, 22, 18, 51, 9, 90, 13, 30, 74, 5, 67, 79, 32, 48, 54, 65, 40, 86, 19, 31, 36, 43, 44, 90, 82, 12, 57, 23, 25, 79, 74, 42, 59, 22, 57, 44, 38, 76, 24, 88, 80, 23, 37, 52, 25, 56, 56, 40, 8, 51, 35, 59, 73, 89, 22, 67, 31, 54, 50, 24, 66, 46, 17, 78, 33, 61, 25, 54, 47, 44, 18, 5, 57, 46, 20, 42, 34, 7, 46, 40, 59, 71, 65, 37, 77, 53, 82, 39, 53, 60]
[50, 66, 48, 66, 38, 68, 58, 61, 29, 113, 48, 62, 29, 28, 96, 60, 37, 51, 89, 53, 11, 56, 94, 73, 73, 57, 23, 50, 47, 83, 80, 92, 50, 94, 82, 34, 81, 107, 59, 55, 59, 91, 56, 19, 88, 54, 55, 14, 71, 74, 0, 38, 17, 38, 89, 31, 82, 58, 53, 23, 29, 20, 96, 86, 68, 83, 28, 62, 74, 90, 79, 62, 72, 106, 57, 70, 82, 62, 98, 93, 91, 47, 56, 46, 23, 12, 82, 52, 59, 72, 9, 4, 63, 69, 84, 60, 85, 65, 65, 54, 35, 33, 96, 101, 44, 61, 86, 67, 68, 81, 33, 40, 55, 81, 28, 70, 7, 70, 62, 58, 68, 86, 54, 90, 79, 88, 27, 63, 74, 87, 48, 57, 72, 68, 30, 55, 49, 90, 81, 29, 44, 16, 22, 91, 103, 89, 29, 35, 98, 35, 16]
[14, 29, 21, 30, 16, 37, 38, 34, 59, 75, 19, 52, 14, 10, 78, 52, 24, 13, 71, 42, 30, 19, 71, 43, 49, 24, 57, 38, 44, 61, 45, 66, 18, 73, 49, 41, 62, 69, 35, 23, 31, 54, 47, 45, 50, 17, 35, 27, 35, 37, 38, 0, 25, 29, 55, 37, 44, 31, 29, 48, 47, 48, 59, 48, 54, 45, 53, 25, 38, 67, 42, 46, 59, 68, 31, 44, 58, 30, 78, 57, 54, 13, 27, 18, 52, 45, 45, 33, 22, 35, 42, 38, 33, 46, 47, 52, 51, 32, 53, 23, 52, 45, 59, 64, 37, 33, 57, 43, 36, 44, 16, 14, 37, 61, 52, 33, 31, 34, 38, 46, 39, 60, 27, 52, 62, 51, 25, 26, 47, 54, 34, 20, 34, 44, 9, 20, 33, 53, 44, 15, 14, 23, 34, 64, 65, 68, 27, 46, 61, 32, 23]
[34, 54, 31, 51, 32, 60, 41, 44, 34, 100, 40, 47, 23, 16, 80, 45, 35, 37, 73, 38, 6, 44, 77, 56, 69, 40, 32, 50, 51, 66, 70, 75, 34, 78, 65, 23, 65, 93, 54, 39, 53, 75, 41, 20, 74, 40, 38, 3, 55, 63, 17, 25, 0, 22, 72, 19, 69, 41, 48, 23, 24, 22, 84, 72, 68, 70, 28, 50, 59, 73, 67, 46, 57, 93, 40, 53, 65, 45, 81, 82, 76, 31, 39, 29, 27, 20, 69, 35, 45, 57, 17, 19, 46, 52, 70, 63, 68, 49, 50, 46, 30, 24, 84, 86, 46, 55, 69, 50, 51, 69, 16, 33, 39, 65, 28, 55, 11, 54, 45, 59, 61, 69, 37, 77, 63, 72, 11, 47, 57, 71, 47, 45, 59, 51, 17, 45, 48, 74, 69, 23, 28, 13, 11, 74, 88, 73, 30, 26, 83, 37, 7]
[28, 53, 17, 39, 43, 65, 20, 26, 44, 92, 48, 26, 37, 25, 58, 25, 49, 33, 51, 16, 27, 45, 55, 37, 78, 28, 45, 65, 68, 44, 69, 54, 23, 56, 48, 16, 42, 84, 64, 26, 60, 62, 20, 32, 66, 36, 17, 25, 43, 61, 38, 29, 22, 0, 55, 14, 64, 23, 58, 32, 26, 34, 80, 64, 82, 66, 35, 50, 46, 51, 64, 23, 35, 86, 22, 33, 44, 30, 59, 79, 64, 25, 23, 17, 38, 36, 64, 14, 38, 47, 35, 41, 30, 31, 60, 79, 52, 34, 28, 52, 30, 21, 77, 74, 62, 62, 50, 29, 35, 65, 13, 42, 17, 43, 34, 46, 34, 41, 25, 73, 68, 48, 21, 72, 41, 59, 11, 38, 37, 54, 61, 46, 56, 30, 24, 48, 61, 62, 66, 37, 20, 33, 18, 53, 77, 51, 48, 22, 70, 55, 27]
[41, 46, 41, 25, 68, 65, 38, 29, 99, 49, 63, 51, 69, 62, 48, 56, 76, 43, 42, 50, 78, 49, 35, 18, 81, 32, 100, 86, 95, 32, 54, 26, 38, 38, 7, 70, 39, 41, 74, 34, 67, 16, 53, 87, 32, 41, 39, 75, 21, 47, 89, 55, 72, 55, 0, 69, 40, 32, 72, 87, 81, 89, 52, 33, 95, 43, 90, 49, 18, 32, 45, 44, 48, 49, 33, 25, 26, 27, 44, 53, 22, 43, 33, 42, 93, 90, 38, 42, 36, 24, 88, 90, 26, 30, 27, 99, 4, 23, 50, 62, 84, 75, 44, 27, 88, 68, 12, 29, 21, 43, 56, 64, 41, 36, 89, 27, 82, 21, 32, 92, 70, 24, 35, 42, 43, 16, 64, 31, 21, 1, 82, 50, 43, 29, 60, 55, 81, 16, 46, 70, 45, 77, 73, 21, 31, 36, 81, 76, 21, 85, 73]
[40, 64, 31, 53, 49, 74, 33, 40, 30, 105, 55, 32, 40, 30, 66, 29, 52, 45, 60, 24, 21, 56, 66, 51, 85, 42, 32, 69, 70, 55, 81, 66, 37, 66, 62, 4, 52, 98, 70, 40, 68, 76, 25, 19, 79, 48, 30, 21, 57, 72, 31, 37, 19, 14, 69, 0, 76, 37, 64, 18, 12, 20, 93, 78, 86, 79, 21, 61, 60, 62, 76, 33, 42, 100, 36, 46, 56, 44, 68, 91, 79, 37, 38, 31, 24, 25, 77, 27, 51, 60, 25, 34, 44, 43, 74, 82, 66, 48, 35, 60, 16, 8, 91, 88, 64, 70, 64, 42, 49, 77, 22, 48, 29, 53, 19, 59, 28, 55, 38, 77, 76, 60, 35, 85, 49, 74, 12, 52, 51, 68, 65, 57, 68, 43, 30, 58, 65, 76, 78, 41, 33, 32, 9, 66, 91, 61, 49, 9, 84, 56, 26]
[36, 17, 46, 27, 47, 30, 58, 47, 102, 32, 38, 75, 54, 54, 85, 78, 54, 32, 78, 69, 74, 26, 73, 45, 44, 37, 101, 57, 67, 67, 14, 64, 40, 76, 39, 80, 72, 27, 42, 39, 35, 26, 74, 88, 10, 29, 56, 71, 27, 10, 82, 44, 69, 64, 40, 76, 0, 47, 42, 90, 88, 91, 17, 9, 61, 3, 95, 21, 26, 69, 5, 67, 77, 24, 48, 52, 61, 39, 82, 16, 22, 40, 44, 46, 96, 88, 2, 58, 25, 21, 86, 81, 41, 57, 13, 67, 38, 36, 75, 34, 93, 84, 15, 27, 62, 35, 50, 54, 38, 3, 56, 44, 59, 69, 94, 20, 74, 28, 53, 60, 34, 61, 47, 8, 75, 25, 66, 26, 50, 40, 54, 26, 10, 55, 52, 29, 52, 26, 6, 54, 44, 66, 76, 60, 27, 73, 62, 85, 29, 63, 66]
[20, 41, 11, 20, 47, 59, 11, 3, 67, 71, 47, 28, 45, 35, 47, 31, 55, 26, 40, 22, 48, 38, 40, 14, 74, 12, 68, 69, 75, 29, 56, 35, 13, 41, 25, 39, 31, 63, 62, 10, 56, 40, 27, 55, 46, 26, 9, 44, 22, 47, 58, 31, 41, 23, 32, 37, 47, 0, 57, 55, 49, 57, 64, 46, 83, 50, 59, 41, 25, 35, 49, 20, 32, 67, 1, 13, 26, 8, 46, 63, 43, 19, 5, 14, 61, 59, 46, 12, 25, 27, 57, 60, 7, 15, 40, 83, 28, 12, 28, 49, 52, 44, 59, 52, 69, 58, 28, 11, 12, 49, 26, 44, 12, 30, 57, 27, 52, 20, 7, 76, 62, 29, 4, 54, 32, 37, 32, 22, 16, 30, 65, 38, 42, 13, 33, 43, 64, 39, 51, 46, 18, 48, 41, 33, 55, 37, 58, 45, 48, 63, 44]
[38, 27, 48, 47, 16, 16, 66, 59, 80, 72, 11, 81, 25, 34, 105, 81, 17, 32, 97, 71, 51, 22, 96, 66, 21, 47, 76, 15, 25, 86, 34, 89, 44, 98, 68, 68, 89, 68, 6, 47, 8, 64, 76, 67, 52, 33, 63, 48, 51, 32, 53, 29, 48, 58, 72, 64, 42, 57, 0, 71, 72, 69, 51, 50, 25, 42, 76, 24, 53, 91, 37, 75, 87, 63, 57, 69, 82, 53, 103, 47, 61, 39, 52, 46, 74, 64, 44, 62, 36, 48, 60, 51, 56, 72, 52, 27, 68, 54, 82, 10, 78, 71, 55, 69, 20, 9, 77, 69, 57, 40, 45, 16, 65, 87, 76, 45, 47, 51, 65, 20, 15, 84, 54, 49, 90, 61, 52, 42, 70, 71, 12, 22, 33, 70, 35, 17, 10, 63, 39, 25, 41, 38, 59, 86, 69, 93, 25, 73, 69, 23, 42]
[55, 77, 48, 69, 55, 83, 51, 58, 12, 121, 63, 48, 46, 39, 82, 44, 56, 58, 77, 41, 20, 67, 83, 69, 92, 58, 14, 71, 70, 73, 93, 84, 52, 83, 80, 18, 69, 113, 77, 56, 76, 93, 42, 4, 94, 62, 48, 22, 73, 85, 23, 48, 23, 32, 87, 18, 90, 55, 71, 0, 8, 4, 107, 93, 89, 92, 5, 73, 77, 80, 89, 50, 58, 114, 54, 64, 74, 61, 85, 104, 95, 51, 55, 47, 6, 12, 91, 45, 65, 76, 14, 27, 62, 61, 90, 82, 83, 65, 51, 69, 12, 14, 105, 105, 66, 78, 82, 60, 67, 91, 35, 56, 47, 70, 5, 75, 25, 72, 56, 79, 84, 78, 52, 99, 66, 90, 25, 67, 69, 85, 68, 68, 81, 61, 39, 68, 69, 92, 92, 45, 47, 33, 15, 84, 108, 78, 50, 15, 101, 57, 28]
[52, 75, 43, 65, 56, 83, 44, 52, 18, 117, 64, 40, 47, 38, 74, 36, 58, 56, 69, 34, 23, 66, 76, 63, 93, 54, 22, 74, 74, 65, 91, 76, 48, 75, 74, 11, 61, 109, 78, 52, 77, 88, 34, 12, 91, 59, 42, 24, 69, 83, 29, 47, 24, 26, 81, 12, 88, 49, 72, 8, 0, 12, 104, 90, 92, 90, 9, 72, 72, 72, 87, 43, 50, 111, 48, 58, 66, 56, 77, 102, 91, 48, 50, 43, 14, 19, 88, 39, 62, 72, 21, 33, 56, 54, 86, 86, 78, 60, 43, 69, 6, 6, 102, 100, 69, 79, 75, 54, 61, 89, 32, 56, 41, 63, 8, 71, 30, 67, 50, 83, 85, 71, 47, 96, 58, 86, 22, 64, 62, 80, 71, 67, 79, 54, 39, 67, 71, 88, 89, 47, 44, 36, 13, 77, 103, 70, 54, 7, 96, 60, 30]
[55, 76, 49, 70, 53, 82, 53, 60, 12, 121, 62, 51, 44, 38, 85, 47, 54, 58, 80, 44, 18, 67, 86, 71, 90, 59, 12, 69, 67, 75, 92, 86, 53, 86, 82, 21, 72, 114, 75, 57, 75, 94, 45, 2, 95, 62, 51, 21, 74, 85, 20, 48, 22, 34, 89, 20, 91, 57, 69, 4, 12, 0, 107, 93, 87, 92, 7, 73, 78, 82, 89, 53, 61, 114, 55, 66, 76, 62, 88, 104, 96, 52, 56, 48, 5, 9, 91, 47, 66, 77, 11, 24, 63, 64, 91, 80, 85, 67, 54, 68, 16, 17, 105, 106, 63, 77, 84, 63, 68, 91, 35, 54, 50, 73, 8, 76, 23, 73, 58, 77, 83, 81, 54, 99, 69, 91, 26, 68, 71, 87, 66, 68, 81, 63, 39, 67, 67, 94, 92, 44, 48, 31, 16, 86, 108, 81, 48, 19, 102, 54, 27]
[53, 30, 63, 43, 60, 35, 75, 63, 118, 22, 50, 91, 67, 69, 99, 95, 66, 48, 92, 86, 90, 40, 86, 60, 46, 54, 116, 65, 75, 81, 17, 77, 57, 89, 53, 96, 87, 21, 49, 56, 43, 36, 90, 104, 20, 45, 73, 86, 43, 22, 96, 59, 84, 80, 52, 93, 17, 64, 51, 107, 104, 107, 0, 19, 64, 14, 111, 35, 41, 83, 17, 83, 93, 12, 65, 67, 76, 55, 95, 4, 30, 56, 60, 63, 112, 104, 17, 75, 42, 37, 101, 95, 57, 73, 25, 73, 50, 52, 91, 45, 109, 101, 8, 30, 71, 42, 63, 70, 54, 16, 72, 57, 76, 84, 110, 36, 89, 44, 69, 66, 39, 74, 63, 10, 90, 35, 82, 42, 65, 52, 63, 40, 25, 71, 68, 42, 61, 35, 15, 68, 60, 81, 92, 72, 28, 87, 74, 102, 35, 73, 82]
[38, 23, 47, 26, 54, 38, 56, 45, 105, 28, 45, 73, 59, 58, 80, 77, 61, 35, 73, 68, 78, 32, 67, 41, 53, 37, 104, 65, 75, 62, 22, 58, 41, 70, 34, 81, 68, 21, 50, 39, 43, 18, 72, 91, 2, 32, 55, 74, 24, 18, 86, 48, 72, 64, 33, 78, 9, 46, 50, 93, 90, 93, 19, 0, 69, 11, 97, 28, 22, 64, 14, 65, 74, 22, 47, 48, 56, 37, 76, 20, 14, 42, 43, 47, 98, 92, 6, 57, 28, 19, 89, 86, 39, 54, 6, 76, 31, 34, 73, 41, 94, 85, 13, 19, 69, 43, 44, 51, 35, 11, 58, 50, 58, 65, 96, 19, 79, 25, 51, 68, 42, 55, 46, 9, 71, 17, 68, 26, 46, 34, 62, 32, 17, 52, 56, 36, 60, 18, 14, 60, 46, 71, 78, 53, 19, 67, 68, 87, 21, 70, 71]
[63, 49, 74, 72, 38, 31, 91, 85, 97, 86, 36, 105, 46, 57, 130, 106, 34, 57, 122, 96, 69, 47, 121, 91, 18, 72, 91, 18, 22, 112, 48, 114, 70, 123, 92, 91, 114, 84, 21, 73, 28, 86, 101, 85, 71, 58, 88, 68, 76, 51, 68, 54, 68, 82, 95, 86, 61, 83, 25, 89, 92, 87, 64, 69, 0, 59, 94, 47, 77, 117, 56, 100, 113, 76, 83, 94, 108, 79, 129, 60, 82, 64, 78, 72, 91, 80, 63, 87, 61, 72, 77, 65, 81, 98, 73, 11, 92, 79, 107, 35, 98, 92, 70, 88, 24, 27, 102, 94, 82, 58, 68, 40, 90, 112, 94, 69, 64, 75, 90, 10, 27, 109, 80, 66, 115, 83, 75, 66, 96, 95, 22, 46, 54, 96, 58, 41, 21, 85, 56, 46, 67, 56, 80, 111, 87, 119, 39, 95, 90, 33, 62]
[38, 17, 49, 30, 48, 28, 61, 50, 104, 31, 38, 78, 54, 55, 89, 81, 54, 34, 81, 72, 76, 27, 76, 48, 42, 40, 102, 56, 67, 70, 12, 68, 43, 79, 42, 82, 75, 27, 41, 42, 34, 29, 77, 90, 13, 31, 59, 72, 30, 9, 83, 45, 70, 66, 43, 79, 3, 50, 42, 92, 90, 92, 14, 11, 59, 0, 97, 22, 29, 73, 4, 70, 80, 23, 51, 55, 65, 42, 85, 13, 24, 42, 46, 49, 97, 90, 5, 61, 28, 24, 87, 82, 44, 61, 16, 66, 41, 39, 78, 34, 95, 86, 14, 29, 61, 34, 53, 57, 41, 1, 58, 44, 62, 73, 96, 23, 76, 31, 56, 59, 32, 64, 49, 8, 78, 28, 68, 28, 54, 43, 54, 26, 11, 58, 54, 30, 52, 28, 3, 55, 46, 67, 78, 63, 28, 76, 62, 88, 31, 63, 68]
[59, 81, 52, 74, 60, 88, 53, 61, 9, 125, 68, 49, 51, 44, 83, 45, 61, 63, 78, 43, 25, 72, 85, 72, 97, 62, 13, 76, 74, 75, 98, 86, 57, 85, 84, 20, 71, 118, 82, 60, 81, 97, 43, 9, 99, 66, 51, 27, 77, 90, 28, 53, 28, 35, 90, 21, 95, 59, 76, 5, 9, 7, 111, 97, 94, 97, 0, 78, 81, 81, 94, 52, 59, 119, 57, 67, 76, 65, 86, 109, 99, 56, 58, 51, 6, 16, 95, 48, 70, 81, 18, 31, 65, 64, 94, 87, 87, 69, 52, 74, 10, 16, 110, 109, 70, 83, 85, 63, 70, 96, 39, 61, 50, 72, 2, 79, 30, 76, 59, 84, 89, 80, 56, 103, 67, 94, 29, 72, 72, 89, 73, 73, 86, 64, 44, 73, 74, 96, 96, 50, 52, 38, 19, 86, 112, 80, 55, 16, 105, 61, 33]
[23, 4, 35, 25, 26, 18, 51, 42, 84, 53, 17, 68, 33, 35, 86, 70, 33, 17, 78, 60, 55, 6, 76, 45, 34, 29, 82, 38, 48, 67, 20, 69, 29, 78, 45, 65, 71, 48, 25, 31, 18, 41, 65, 70, 30, 15, 49, 52, 29, 13, 62, 25, 50, 50, 49, 61, 21, 41, 24, 73, 72, 73, 35, 28, 47, 22, 78, 0, 31, 72, 18, 60, 72, 44, 41, 50, 63, 34, 84, 32, 38, 26, 36, 34, 78, 69, 22, 49, 16, 25, 66, 61, 37, 55, 29, 51, 45, 34, 68, 14, 77, 69, 36, 46, 42, 19, 55, 51, 37, 20, 40, 23, 51, 69, 77, 22, 54, 29, 48, 43, 22, 64, 39, 29, 73, 38, 50, 21, 51, 48, 35, 5, 11, 52, 34, 8, 33, 40, 20, 34, 30, 46, 59, 64, 47, 74, 41, 70, 46, 42, 47]
[25, 28, 29, 8, 50, 48, 35, 23, 89, 47, 45, 51, 52, 47, 60, 55, 58, 26, 52, 47, 65, 31, 48, 19, 64, 19, 89, 68, 76, 41, 38, 39, 25, 50, 15, 62, 46, 38, 56, 21, 49, 17, 51, 76, 22, 23, 34, 61, 4, 30, 74, 38, 59, 46, 18, 60, 26, 25, 53, 77, 72, 78, 41, 22, 77, 29, 81, 31, 0, 44, 30, 43, 52, 43, 26, 26, 35, 17, 56, 41, 18, 28, 23, 30, 83, 78, 25, 36, 18, 6, 76, 75, 17, 32, 16, 81, 15, 13, 51, 43, 76, 67, 35, 28, 70, 50, 25, 29, 13, 28, 43, 46, 37, 43, 79, 9, 67, 5, 29, 73, 52, 35, 26, 31, 49, 14, 52, 13, 25, 18, 64, 31, 26, 30, 45, 37, 62, 16, 31, 53, 30, 61, 62, 35, 31, 47, 64, 68, 24, 67, 59]
[54, 71, 47, 46, 83, 90, 32, 33, 90, 81, 81, 33, 80, 70, 16, 38, 91, 60, 10, 38, 79, 70, 4, 26, 106, 45, 94, 104, 110, 7, 82, 8, 49, 6, 30, 62, 12, 73, 95, 44, 89, 48, 38, 81, 63, 59, 35, 76, 44, 74, 90, 67, 73, 51, 32, 62, 69, 35, 91, 80, 72, 82, 83, 64, 117, 73, 81, 72, 44, 0, 73, 29, 25, 82, 36, 23, 9, 38, 13, 84, 54, 54, 40, 49, 86, 87, 68, 38, 56, 49, 86, 92, 35, 21, 58, 118, 33, 38, 30, 82, 72, 66, 76, 59, 104, 91, 20, 24, 35, 72, 59, 79, 34, 9, 79, 52, 84, 43, 29, 111, 94, 9, 39, 73, 16, 48, 63, 51, 21, 31, 100, 71, 69, 23, 68, 76, 99, 49, 75, 81, 53, 82, 69, 12, 63, 4, 93, 65, 53, 98, 77]
[36, 13, 47, 29, 44, 24, 60, 49, 101, 35, 34, 77, 51, 52, 89, 80, 50, 31, 82, 70, 72, 23, 77, 48, 39, 38, 99, 52, 63, 71, 9, 69, 41, 80, 44, 79, 75, 31, 37, 40, 30, 32, 75, 87, 16, 28, 58, 69, 30, 5, 79, 42, 67, 64, 45, 76, 5, 49, 37, 89, 87, 89, 17, 14, 56, 4, 94, 18, 30, 73, 0, 69, 80, 27, 50, 55, 65, 41, 86, 15, 27, 40, 45, 47, 94, 87, 8, 59, 26, 24, 84, 79, 43, 60, 19, 62, 42, 38, 77, 30, 92, 84, 18, 33, 57, 30, 54, 57, 41, 3, 55, 40, 61, 73, 93, 23, 72, 31, 55, 55, 29, 65, 48, 12, 78, 30, 65, 27, 54, 45, 50, 23, 8, 58, 51, 26, 48, 31, 2, 51, 44, 64, 75, 64, 32, 77, 58, 85, 35, 59, 64]
[38, 61, 26, 40, 62, 78, 9, 20, 61, 89, 64, 8, 57, 46, 35, 13, 69, 44, 28, 9, 51, 57, 33, 26, 93, 32, 65, 84, 89, 22, 77, 34, 31, 33, 38, 32, 19, 81, 80, 30, 75, 56, 10, 52, 65, 45, 12, 48, 40, 67, 62, 46, 46, 23, 44, 33, 67, 20, 75, 50, 43, 53, 83, 65, 100, 70, 52, 60, 43, 29, 69, 0, 13, 86, 19, 19, 24, 28, 36, 83, 60, 36, 25, 28, 57, 58, 66, 13, 45, 46, 57, 64, 26, 13, 59, 98, 41, 31, 8, 67, 44, 37, 78, 68, 83, 76, 35, 15, 30, 69, 34, 60, 9, 20, 50, 47, 57, 39, 14, 92, 81, 28, 22, 73, 17, 54, 35, 42, 23, 42, 80, 58, 62, 14, 45, 61, 80, 56, 71, 58, 33, 56, 40, 34, 72, 28, 70, 36, 63, 76, 51]
[51, 73, 39, 50, 75, 90, 21, 31, 67, 96, 77, 10, 70, 59, 24, 14, 82, 57, 19, 19, 61, 69, 27, 33, 105, 43, 72, 97, 102, 19, 88, 31, 44, 26, 44, 40, 13, 88, 92, 42, 87, 63, 16, 60, 74, 57, 25, 60, 50, 79, 72, 59, 57, 35, 48, 42, 77, 32, 87, 58, 50, 61, 93, 74, 113, 80, 59, 72, 52, 25, 80, 13, 0, 95, 31, 26, 24, 39, 27, 93, 67, 49, 36, 41, 64, 67, 76, 26, 57, 56, 67, 75, 36, 20, 68, 111, 47, 41, 7, 79, 49, 44, 87, 75, 95, 89, 38, 23, 39, 79, 47, 73, 22, 16, 57, 57, 68, 49, 25, 105, 94, 28, 34, 83, 9, 61, 46, 53, 29, 47, 93, 70, 74, 22, 57, 74, 92, 63, 82, 71, 46, 68, 50, 34, 79, 22, 82, 43, 69, 89, 62]
[60, 40, 69, 48, 70, 47, 78, 66, 126, 10, 61, 94, 77, 78, 98, 98, 76, 56, 91, 89, 98, 50, 84, 61, 58, 59, 125, 77, 87, 81, 29, 75, 63, 87, 52, 103, 87, 11, 61, 61, 55, 33, 94, 112, 21, 53, 77, 95, 46, 32, 106, 68, 93, 86, 49, 100, 24, 67, 63, 114, 111, 114, 12, 22, 76, 23, 119, 44, 43, 82, 27, 86, 95, 0, 69, 69, 75, 59, 93, 16, 28, 63, 65, 69, 119, 112, 23, 79, 49, 40, 110, 105, 60, 75, 27, 85, 49, 55, 94, 56, 116, 107, 9, 24, 82, 54, 61, 72, 57, 24, 79, 67, 80, 84, 118, 41, 98, 47, 72, 78, 51, 73, 68, 16, 91, 34, 90, 48, 66, 50, 75, 49, 34, 73, 76, 52, 72, 33, 25, 78, 67, 90, 99, 70, 21, 85, 85, 108, 30, 85, 91]
[20, 42, 11, 21, 47, 59, 10, 4, 66, 72, 47, 27, 44, 34, 47, 30, 55, 26, 40, 21, 46, 38, 40, 16, 74, 12, 67, 69, 75, 30, 57, 36, 13, 42, 26, 38, 31, 64, 62, 11, 57, 41, 25, 54, 47, 26, 8, 43, 23, 48, 57, 31, 40, 22, 33, 36, 48, 1, 57, 54, 48, 55, 65, 47, 83, 51, 57, 41, 26, 36, 50, 19, 31, 69, 0, 13, 27, 9, 47, 64, 44, 19, 5, 13, 60, 58, 48, 10, 26, 28, 56, 59, 9, 15, 42, 83, 30, 13, 27, 49, 51, 43, 60, 54, 68, 58, 29, 12, 13, 50, 25, 44, 11, 30, 55, 28, 51, 22, 7, 76, 63, 30, 4, 55, 32, 39, 31, 23, 17, 32, 65, 39, 43, 13, 33, 43, 64, 41, 52, 45, 17, 48, 40, 34, 57, 37, 57, 43, 49, 63, 43]
[31, 50, 24, 26, 60, 68, 14, 10, 76, 71, 58, 27, 57, 48, 36, 31, 68, 37, 29, 25, 59, 48, 27, 7, 84, 22, 78, 81, 87, 18, 63, 23, 26, 29, 19, 47, 21, 62, 73, 21, 67, 37, 28, 65, 48, 36, 16, 56, 24, 54, 70, 44, 53, 33, 25, 46, 52, 13, 69, 64, 58, 66, 67, 48, 94, 55, 67, 50, 26, 23, 55, 19, 26, 69, 13, 0, 14, 16, 35, 67, 41, 31, 17, 26, 71, 69, 50, 19, 34, 30, 68, 72, 13, 6, 42, 95, 22, 17, 26, 59, 60, 52, 61, 50, 81, 68, 17, 4, 14, 54, 38, 56, 17, 19, 65, 32, 64, 24, 8, 88, 72, 17, 17, 57, 24, 35, 43, 30, 4, 23, 77, 48, 49, 4, 46, 53, 76, 37, 56, 58, 30, 61, 51, 21, 53, 25, 70, 52, 44, 76, 56]
[45, 62, 38, 37, 74, 81, 24, 24, 84, 75, 72, 29, 71, 61, 24, 34, 81, 50, 17, 33, 71, 61, 14, 17, 97, 36, 88, 95, 101, 6, 74, 10, 39, 16, 23, 56, 12, 67, 86, 35, 80, 42, 34, 75, 56, 50, 27, 68, 35, 65, 82, 58, 65, 44, 26, 56, 61, 26, 82, 74, 66, 76, 76, 56, 108, 65, 76, 63, 35, 9, 65, 24, 24, 75, 27, 14, 0, 29, 21, 76, 47, 45, 31, 40, 80, 80, 60, 30, 47, 41, 79, 84, 26, 13, 50, 109, 26, 29, 27, 73, 67, 60, 69, 53, 95, 81, 15, 16, 26, 64, 51, 70, 27, 9, 74, 43, 77, 34, 21, 102, 85, 4, 30, 66, 17, 41, 55, 42, 12, 25, 90, 62, 60, 14, 59, 66, 89, 42, 66, 72, 44, 74, 62, 11, 57, 12, 84, 60, 48, 89, 69]
[17, 35, 14, 12, 45, 52, 19, 8, 73, 63, 43, 36, 44, 36, 52, 39, 53, 21, 44, 30, 51, 32, 43, 13, 68, 7, 74, 66, 73, 33, 49, 37, 12, 45, 20, 46, 36, 55, 57, 7, 51, 33, 35, 61, 38, 21, 18, 48, 13, 40, 62, 30, 45, 30, 27, 44, 39, 8, 53, 61, 56, 62, 55, 37, 79, 42, 65, 34, 17, 38, 41, 28, 39, 59, 9, 16, 29, 0, 50, 55, 35, 17, 6, 16, 67, 64, 38, 20, 18, 19, 61, 63, 3, 20, 32, 80, 23, 4, 36, 44, 59, 51, 51, 45, 66, 53, 26, 17, 6, 41, 29, 42, 21, 34, 63, 19, 55, 12, 14, 73, 56, 31, 9, 46, 38, 30, 37, 15, 17, 26, 62, 33, 35, 18, 34, 38, 60, 32, 43, 45, 18, 50, 47, 34, 48, 40, 57, 52, 40, 62, 47]
[66, 83, 57, 59, 94, 102, 41, 44, 94, 92, 93, 37, 91, 80, 6, 41, 102, 71, 8, 45, 87, 82, 9, 39, 118, 57, 99, 115, 121, 17, 95, 18, 60, 6, 43, 67, 17, 84, 107, 56, 101, 60, 43, 87, 76, 71, 44, 84, 56, 86, 98, 78, 81, 59, 44, 68, 82, 46, 103, 85, 77, 88, 95, 76, 129, 85, 86, 84, 56, 13, 86, 36, 27, 93, 47, 35, 21, 50, 0, 96, 66, 66, 51, 59, 91, 94, 80, 47, 68, 62, 93, 100, 47, 32, 70, 129, 45, 50, 34, 94, 76, 71, 88, 70, 115, 103, 32, 35, 47, 85, 69, 91, 43, 17, 84, 64, 93, 56, 40, 123, 106, 21, 50, 85, 19, 60, 71, 63, 33, 43, 111, 83, 82, 34, 78, 88, 110, 60, 87, 91, 64, 92, 76, 23, 74, 10, 103, 70, 64, 109, 86]
[51, 28, 62, 43, 57, 32, 74, 63, 116, 26, 47, 91, 64, 67, 100, 94, 62, 47, 93, 85, 87, 38, 87, 61, 42, 53, 114, 61, 71, 82, 14, 79, 56, 90, 54, 95, 87, 25, 45, 55, 39, 38, 90, 102, 21, 43, 72, 84, 43, 19, 93, 57, 82, 79, 53, 91, 16, 63, 47, 104, 102, 104, 4, 20, 60, 13, 109, 32, 41, 84, 15, 83, 93, 16, 64, 67, 76, 55, 96, 0, 32, 55, 60, 62, 109, 101, 17, 74, 41, 37, 98, 93, 57, 73, 27, 69, 52, 52, 91, 42, 107, 99, 12, 33, 67, 39, 64, 70, 54, 14, 70, 54, 75, 85, 108, 36, 86, 44, 69, 62, 35, 76, 63, 11, 91, 37, 80, 42, 66, 54, 59, 37, 23, 71, 65, 39, 57, 37, 13, 65, 59, 78, 90, 74, 31, 88, 70, 100, 37, 70, 79]
[42, 34, 47, 26, 63, 51, 52, 41, 107, 29, 55, 68, 66, 63, 70, 72, 70, 41, 63, 64, 82, 41, 56, 34, 66, 37, 107, 76, 86, 53, 36, 47, 43, 59, 24, 81, 59, 21, 62, 39, 55, 5, 68, 94, 12, 37, 52, 79, 22, 31, 91, 54, 76, 64, 22, 79, 22, 43, 61, 95, 91, 96, 30, 14, 82, 24, 99, 38, 18, 54, 27, 60, 67, 28, 44, 41, 47, 35, 66, 32, 0, 45, 41, 48, 101, 96, 20, 54, 32, 19, 93, 92, 36, 48, 9, 88, 21, 31, 67, 52, 94, 86, 22, 10, 80, 56, 33, 45, 31, 25, 61, 59, 55, 56, 98, 21, 84, 23, 46, 81, 55, 45, 44, 21, 63, 6, 70, 29, 39, 22, 73, 41, 29, 46, 61, 46, 71, 5, 27, 67, 48, 77, 80, 42, 13, 57, 77, 87, 8, 79, 76]
[4, 28, 10, 20, 28, 42, 27, 22, 63, 69, 28, 43, 27, 19, 67, 44, 36, 9, 59, 34, 37, 21, 59, 30, 56, 11, 62, 50, 56, 49, 45, 54, 6, 60, 37, 40, 50, 62, 44, 10, 38, 44, 39, 49, 43, 11, 24, 34, 24, 36, 47, 13, 31, 25, 43, 37, 40, 19, 39, 51, 48, 52, 56, 42, 64, 42, 56, 26, 28, 54, 40, 36, 49, 63, 19, 31, 45, 17, 66, 55, 45, 0, 14, 8, 57, 51, 40, 24, 14, 26, 48, 47, 20, 34, 39, 64, 39, 20, 44, 30, 53, 44, 54, 55, 49, 40, 44, 31, 23, 41, 16, 25, 27, 49, 54, 24, 40, 23, 26, 57, 45, 48, 16, 48, 51, 41, 26, 16, 34, 42, 45, 22, 32, 32, 17, 25, 45, 43, 42, 28, 4, 34, 36, 51, 57, 56, 40, 46, 52, 44, 31]
[15, 37, 8, 17, 43, 54, 15, 7, 67, 69, 42, 32, 40, 31, 52, 35, 51, 21, 45, 25, 45, 33, 44, 17, 69, 7, 68, 64, 70, 34, 52, 40, 9, 46, 26, 40, 36, 61, 57, 5, 51, 39, 30, 54, 43, 21, 13, 42, 19, 43, 56, 27, 39, 23, 33, 38, 44, 5, 52, 55, 50, 56, 60, 43, 78, 46, 58, 36, 23, 40, 45, 25, 36, 65, 5, 17, 31, 6, 51, 60, 41, 14, 0, 10, 61, 57, 43, 14, 20, 24, 55, 57, 7, 20, 38, 78, 29, 11, 33, 44, 53, 45, 56, 51, 64, 53, 31, 16, 12, 45, 23, 39, 16, 35, 57, 24, 49, 18, 12, 72, 57, 34, 3, 51, 37, 36, 31, 18, 20, 32, 60, 34, 38, 18, 29, 38, 59, 38, 47, 41, 14, 45, 40, 37, 54, 41, 53, 45, 47, 59, 41]
[11, 36, 2, 23, 35, 50, 20, 16, 59, 74, 36, 35, 31, 22, 60, 36, 42, 17, 52, 26, 36, 29, 53, 27, 65, 11, 59, 57, 62, 43, 52, 49, 6, 55, 36, 34, 43, 67, 51, 9, 47, 47, 31, 46, 48, 19, 16, 32, 26, 44, 46, 18, 29, 17, 42, 31, 46, 14, 46, 47, 43, 48, 63, 47, 72, 49, 51, 34, 30, 49, 47, 28, 41, 69, 13, 26, 40, 16, 59, 62, 48, 8, 10, 0, 53, 48, 46, 16, 21, 30, 46, 48, 17, 28, 43, 71, 39, 19, 36, 38, 47, 38, 60, 58, 56, 48, 41, 25, 22, 47, 14, 32, 19, 42, 50, 29, 39, 25, 20, 64, 53, 43, 9, 54, 44, 44, 22, 21, 30, 41, 52, 30, 39, 26, 20, 34, 52, 46, 49, 32, 5, 35, 32, 47, 61, 50, 44, 39, 54, 50, 31]
[60, 81, 54, 75, 58, 87, 57, 64, 7, 126, 67, 54, 49, 43, 88, 50, 58, 63, 83, 48, 23, 72, 90, 75, 95, 64, 8, 73, 71, 79, 97, 90, 58, 89, 86, 24, 75, 119, 80, 62, 79, 99, 48, 7, 100, 67, 55, 26, 79, 90, 23, 52, 27, 38, 93, 24, 96, 61, 74, 6, 14, 5, 112, 98, 91, 97, 6, 78, 83, 86, 94, 57, 64, 119, 60, 71, 80, 67, 91, 109, 101, 57, 61, 53, 0, 11, 96, 52, 71, 82, 14, 27, 68, 68, 95, 83, 90, 71, 57, 72, 16, 20, 110, 111, 67, 81, 88, 67, 73, 96, 40, 59, 54, 77, 8, 81, 27, 78, 62, 81, 88, 84, 58, 104, 72, 96, 30, 73, 75, 92, 70, 73, 86, 67, 44, 72, 71, 98, 97, 49, 53, 36, 21, 90, 113, 84, 52, 21, 107, 58, 32]
[54, 73, 50, 70, 48, 77, 56, 62, 17, 120, 57, 57, 39, 35, 91, 54, 48, 57, 85, 49, 14, 64, 91, 73, 84, 60, 13, 62, 59, 80, 89, 90, 53, 91, 84, 27, 77, 113, 69, 58, 70, 95, 51, 8, 94, 60, 54, 18, 74, 82, 12, 45, 20, 36, 90, 25, 88, 59, 64, 12, 19, 9, 104, 92, 80, 90, 16, 69, 78, 87, 87, 58, 67, 112, 58, 69, 80, 64, 94, 101, 96, 51, 57, 48, 11, 0, 89, 51, 65, 77, 3, 16, 65, 67, 90, 72, 87, 68, 60, 63, 24, 24, 103, 106, 56, 72, 87, 66, 69, 89, 35, 50, 53, 78, 17, 75, 16, 73, 61, 70, 78, 84, 55, 97, 75, 92, 27, 67, 74, 89, 59, 64, 79, 67, 36, 63, 61, 94, 89, 39, 48, 25, 18, 90, 108, 86, 41, 26, 102, 47, 22]
[36, 18, 46, 26, 49, 32, 57, 46, 103, 31, 40, 74, 55, 54, 84, 78, 56, 33, 77, 68, 75, 27, 71, 44, 47, 36, 101, 59, 69, 66, 16, 63, 40, 74, 38, 80, 71, 25, 44, 39, 37, 24, 73, 89, 8, 29, 56, 71, 26, 12, 82, 45, 69, 64, 38, 77, 2, 46, 44, 91, 88, 91, 17, 6, 63, 5, 95, 22, 25, 68, 8, 66, 76, 23, 48, 50, 60, 38, 80, 17, 20, 40, 43, 46, 96, 89, 0, 57, 26, 20, 86, 82, 40, 56, 11, 69, 36, 35, 74, 36, 93, 84, 14, 25, 64, 37, 48, 53, 37, 5, 56, 45, 59, 68, 94, 19, 75, 27, 52, 62, 36, 59, 46, 8, 74, 23, 66, 25, 49, 38, 56, 27, 12, 54, 53, 31, 54, 23, 8, 56, 44, 67, 76, 58, 25, 71, 63, 85, 27, 64, 67]
[26, 50, 14, 31, 50, 66, 6, 13, 57, 83, 51, 19, 45, 34, 46, 21, 57, 32, 39, 11, 41, 45, 42, 24, 80, 21, 59, 72, 76, 31, 66, 40, 19, 43, 36, 28, 30, 75, 67, 19, 62, 51, 16, 46, 58, 34, 3, 38, 33, 57, 52, 33, 35, 14, 42, 27, 58, 12, 62, 45, 39, 47, 75, 57, 87, 61, 48, 49, 36, 38, 59, 13, 26, 79, 10, 19, 30, 20, 47, 74, 54, 24, 14, 16, 52, 51, 57, 0, 34, 38, 49, 54, 19, 17, 52, 86, 39, 24, 20, 54, 41, 33, 70, 64, 70, 64, 36, 15, 24, 60, 22, 47, 4, 30, 47, 38, 47, 32, 11, 80, 69, 34, 11, 65, 29, 49, 25, 32, 23, 41, 67, 46, 52, 16, 32, 49, 67, 51, 61, 46, 21, 45, 33, 39, 67, 38, 57, 34, 59, 63, 40]
[11, 16, 21, 11, 32, 34, 36, 26, 77, 55, 27, 52, 35, 31, 70, 55, 40, 9, 62, 45, 51, 14, 60, 30, 50, 13, 76, 50, 59, 51, 32, 53, 15, 62, 31, 54, 55, 48, 40, 15, 33, 33, 50, 64, 29, 5, 33, 47, 16, 23, 59, 22, 45, 38, 36, 51, 25, 25, 36, 65, 62, 66, 42, 28, 61, 28, 70, 16, 18, 56, 26, 45, 57, 49, 26, 34, 47, 18, 68, 41, 32, 14, 20, 21, 71, 65, 26, 34, 0, 14, 62, 59, 21, 38, 25, 64, 32, 18, 53, 27, 67, 59, 40, 42, 52, 35, 41, 35, 21, 27, 31, 28, 36, 53, 69, 11, 52, 15, 32, 56, 38, 48, 23, 34, 57, 30, 41, 5, 35, 35, 46, 15, 18, 36, 29, 20, 45, 32, 28, 36, 18, 45, 51, 49, 44, 58, 46, 60, 40, 49, 44]
[23, 23, 29, 7, 46, 42, 38, 26, 88, 45, 40, 54, 49, 44, 65, 58, 54, 23, 57, 49, 63, 26, 53, 24, 58, 19, 88, 63, 72, 46, 33, 45, 24, 56, 21, 63, 51, 37, 51, 21, 43, 19, 54, 75, 19, 19, 36, 60, 6, 25, 72, 35, 57, 47, 24, 60, 21, 27, 48, 76, 72, 77, 37, 19, 72, 24, 81, 25, 6, 49, 24, 46, 56, 40, 28, 30, 41, 19, 62, 37, 19, 26, 24, 30, 82, 77, 20, 38, 14, 0, 74, 73, 20, 36, 14, 75, 20, 15, 54, 38, 76, 68, 32, 29, 65, 44, 31, 33, 17, 24, 42, 42, 39, 48, 79, 3, 65, 7, 32, 68, 46, 41, 27, 27, 54, 16, 52, 10, 29, 23, 59, 26, 20, 34, 43, 32, 57, 18, 26, 50, 29, 59, 62, 40, 31, 52, 60, 69, 26, 63, 57]
[52, 70, 48, 68, 45, 74, 55, 60, 20, 117, 54, 57, 36, 32, 91, 53, 45, 54, 85, 48, 11, 61, 90, 71, 81, 57, 16, 59, 57, 79, 86, 89, 51, 90, 82, 27, 76, 110, 66, 55, 66, 92, 50, 9, 91, 57, 52, 15, 72, 79, 9, 42, 17, 35, 88, 25, 86, 57, 60, 14, 21, 11, 101, 89, 77, 87, 18, 66, 76, 86, 84, 57, 67, 110, 56, 68, 79, 61, 93, 98, 93, 48, 55, 46, 14, 3, 86, 49, 62, 74, 0, 13, 63, 66, 87, 69, 85, 65, 59, 60, 26, 25, 100, 103, 53, 68, 85, 64, 67, 86, 33, 47, 52, 77, 19, 72, 13, 71, 60, 67, 75, 83, 53, 94, 74, 89, 25, 65, 72, 87, 56, 61, 76, 65, 33, 60, 57, 91, 86, 35, 45, 22, 17, 89, 105, 85, 38, 27, 100, 44, 19]
[50, 65, 49, 67, 37, 66, 61, 63, 32, 113, 46, 65, 28, 29, 99, 63, 35, 51, 92, 56, 14, 55, 96, 74, 71, 58, 26, 48, 44, 85, 79, 94, 51, 97, 83, 37, 83, 107, 56, 56, 58, 92, 59, 22, 88, 55, 57, 16, 72, 74, 4, 38, 19, 41, 90, 34, 81, 60, 51, 27, 33, 24, 95, 86, 65, 82, 31, 61, 75, 92, 79, 64, 75, 105, 59, 72, 84, 63, 100, 93, 92, 47, 57, 48, 27, 16, 82, 54, 59, 73, 13, 0, 65, 71, 85, 57, 86, 66, 68, 52, 38, 36, 96, 102, 41, 60, 88, 69, 69, 81, 34, 39, 58, 84, 32, 71, 8, 71, 64, 55, 66, 88, 56, 90, 82, 88, 30, 63, 76, 89, 45, 56, 71, 70, 30, 54, 47, 91, 81, 28, 45, 15, 26, 93, 103, 92, 27, 38, 99, 32, 16]
[19, 37, 15, 14, 48, 55, 17, 6, 73, 64, 46, 34, 47, 38, 49, 38, 56, 24, 41, 29, 53, 35, 40, 10, 71, 9, 75, 69, 76, 30, 51, 34, 14, 42, 19, 46, 34, 56, 60, 9, 54, 33, 34, 61, 39, 23, 17, 49, 15, 42, 63, 33, 46, 30, 26, 44, 41, 7, 56, 62, 56, 63, 57, 39, 81, 44, 65, 37, 17, 35, 43, 26, 36, 60, 9, 13, 26, 3, 47, 57, 36, 20, 7, 17, 68, 65, 40, 19, 21, 20, 63, 65, 0, 17, 34, 82, 22, 5, 34, 47, 59, 51, 52, 45, 69, 55, 24, 14, 5, 43, 31, 44, 19, 32, 64, 21, 57, 13, 12, 76, 59, 28, 9, 47, 36, 30, 38, 17, 14, 24, 64, 36, 37, 15, 36, 40, 63, 32, 45, 48, 20, 52, 47, 31, 48, 37, 59, 52, 40, 64, 48]
[35, 55, 26, 31, 62, 73, 11, 13, 72, 77, 62, 21, 59, 49, 33, 26, 70, 40, 25, 21, 58, 52, 26, 13, 88, 26, 75, 84, 90, 15, 68, 23, 28, 27, 25, 44, 16, 68, 77, 25, 71, 43, 23, 62, 54, 40, 14, 55, 30, 59, 69, 46, 52, 31, 30, 43, 57, 15, 72, 61, 54, 64, 73, 54, 98, 61, 64, 55, 32, 21, 60, 13, 20, 75, 15, 6, 13, 20, 32, 73, 48, 34, 20, 28, 68, 67, 56, 17, 38, 36, 66, 71, 17, 0, 48, 98, 28, 22, 20, 63, 56, 48, 67, 56, 83, 72, 21, 4, 19, 60, 38, 59, 14, 15, 62, 38, 64, 29, 8, 91, 76, 17, 19, 63, 18, 41, 42, 35, 9, 29, 80, 53, 54, 2, 47, 57, 79, 43, 62, 60, 32, 61, 49, 23, 59, 22, 72, 48, 50, 78, 56]
[35, 25, 43, 21, 54, 42, 51, 40, 102, 31, 46, 67, 59, 56, 74, 71, 62, 34, 67, 63, 76, 32, 61, 35, 57, 32, 101, 67, 77, 56, 28, 52, 38, 64, 27, 77, 61, 23, 53, 35, 46, 13, 67, 88, 6, 30, 50, 72, 19, 22, 84, 47, 70, 60, 27, 74, 13, 40, 52, 90, 86, 91, 25, 6, 73, 16, 94, 29, 16, 58, 19, 59, 68, 27, 42, 42, 50, 32, 70, 27, 9, 39, 38, 43, 95, 90, 11, 52, 25, 14, 87, 85, 34, 48, 0, 79, 25, 28, 67, 43, 90, 82, 19, 17, 71, 46, 38, 45, 30, 16, 55, 50, 53, 59, 93, 15, 77, 20, 45, 71, 46, 49, 41, 16, 65, 11, 65, 23, 40, 27, 64, 32, 19, 46, 54, 37, 62, 12, 19, 59, 42, 70, 75, 47, 19, 61, 69, 83, 17, 71, 69]
[63, 54, 73, 74, 36, 38, 91, 85, 89, 95, 37, 103, 42, 54, 130, 103, 30, 58, 123, 94, 63, 50, 122, 92, 28, 73, 83, 14, 13, 112, 56, 116, 70, 124, 95, 86, 114, 92, 25, 73, 33, 91, 98, 78, 78, 60, 87, 62, 79, 57, 60, 52, 63, 79, 99, 82, 67, 83, 27, 82, 86, 80, 73, 76, 11, 66, 87, 51, 81, 118, 62, 98, 111, 85, 83, 95, 109, 80, 129, 69, 88, 64, 78, 71, 83, 72, 69, 86, 64, 75, 69, 57, 82, 98, 79, 0, 95, 80, 105, 37, 92, 87, 78, 95, 17, 32, 104, 94, 84, 65, 65, 39, 89, 113, 87, 72, 57, 78, 90, 7, 34, 111, 79, 73, 115, 88, 71, 69, 97, 98, 18, 49, 59, 96, 55, 44, 19, 90, 63, 42, 66, 50, 74, 113, 94, 119, 33, 89, 96, 26, 56]
[37, 43, 37, 22, 64, 62, 35, 26, 95, 49, 59, 49, 65, 58, 49, 54, 72, 39, 42, 48, 74, 46, 36, 16, 78, 28, 97, 82, 91, 32, 51, 27, 35, 39, 4, 67, 38, 41, 71, 30, 64, 16, 51, 83, 31, 37, 36, 71, 17, 44, 85, 51, 68, 52, 4, 66, 38, 28, 68, 83, 78, 85, 50, 31, 92, 41, 87, 45, 15, 33, 42, 41, 47, 49, 30, 22, 26, 23, 45, 52, 21, 39, 29, 39, 90, 87, 36, 39, 32, 20, 85, 86, 22, 28, 25, 95, 0, 19, 48, 58, 80, 72, 43, 28, 84, 65, 13, 27, 17, 40, 52, 60, 38, 35, 85, 23, 78, 17, 29, 88, 66, 24, 31, 40, 42, 15, 60, 27, 19, 3, 78, 46, 40, 27, 56, 51, 77, 16, 43, 66, 41, 73, 69, 22, 32, 36, 77, 73, 22, 81, 69]
[18, 33, 18, 9, 47, 52, 23, 11, 77, 59, 44, 39, 47, 39, 53, 43, 55, 22, 45, 34, 55, 32, 42, 12, 68, 9, 78, 67, 74, 34, 47, 36, 15, 45, 17, 50, 38, 51, 57, 10, 51, 28, 39, 65, 34, 21, 22, 52, 9, 38, 65, 32, 49, 34, 23, 48, 36, 12, 54, 65, 60, 67, 52, 34, 79, 39, 69, 34, 13, 38, 38, 31, 41, 55, 13, 17, 29, 4, 50, 52, 31, 20, 11, 19, 71, 68, 35, 24, 18, 15, 65, 66, 5, 22, 28, 80, 19, 0, 39, 44, 64, 55, 47, 40, 68, 52, 24, 18, 4, 38, 33, 43, 24, 35, 67, 16, 58, 8, 17, 73, 56, 30, 13, 42, 40, 25, 41, 13, 17, 22, 63, 33, 33, 20, 37, 38, 61, 28, 40, 48, 21, 53, 51, 32, 44, 41, 59, 56, 36, 64, 50]
[46, 69, 34, 48, 69, 86, 17, 28, 60, 96, 71, 3, 64, 52, 31, 8, 76, 52, 26, 12, 54, 65, 33, 33, 100, 40, 65, 91, 95, 24, 85, 36, 39, 33, 44, 33, 19, 88, 87, 38, 82, 63, 9, 53, 73, 53, 20, 52, 48, 76, 65, 53, 50, 28, 50, 35, 75, 28, 82, 51, 43, 54, 91, 73, 107, 78, 52, 68, 51, 30, 77, 8, 7, 94, 27, 26, 27, 36, 34, 91, 67, 44, 33, 36, 57, 60, 74, 20, 53, 54, 59, 68, 34, 20, 67, 105, 48, 39, 0, 74, 43, 37, 86, 75, 89, 84, 40, 22, 37, 77, 40, 67, 17, 21, 50, 55, 61, 47, 22, 99, 89, 31, 30, 81, 15, 61, 39, 50, 29, 48, 87, 65, 70, 21, 51, 69, 87, 63, 79, 64, 41, 61, 43, 38, 79, 28, 76, 36, 70, 82, 55]
[29, 18, 40, 37, 16, 15, 58, 50, 79, 65, 6, 73, 24, 30, 96, 74, 21, 23, 88, 64, 49, 13, 86, 56, 26, 38, 76, 25, 34, 77, 28, 80, 36, 88, 58, 64, 80, 60, 13, 38, 8, 55, 69, 65, 43, 23, 55, 46, 42, 24, 54, 23, 46, 52, 62, 60, 34, 49, 10, 69, 69, 68, 45, 41, 35, 34, 74, 14, 43, 82, 30, 67, 79, 56, 49, 59, 73, 44, 94, 42, 52, 30, 44, 38, 72, 63, 36, 54, 27, 38, 60, 52, 47, 63, 43, 37, 58, 44, 74, 0, 75, 67, 48, 60, 28, 10, 67, 60, 48, 33, 39, 13, 57, 78, 73, 35, 47, 41, 56, 30, 16, 75, 45, 41, 81, 52, 48, 32, 61, 61, 21, 12, 24, 61, 30, 7, 19, 54, 31, 25, 34, 38, 56, 76, 60, 84, 29, 69, 60, 29, 41]
[56, 80, 47, 69, 62, 89, 46, 55, 18, 121, 69, 40, 53, 44, 73, 35, 64, 61, 68, 35, 29, 71, 76, 65, 99, 58, 24, 80, 80, 66, 96, 77, 53, 75, 77, 13, 61, 114, 84, 56, 82, 92, 34, 16, 95, 64, 44, 30, 72, 88, 35, 52, 30, 30, 84, 16, 93, 52, 78, 12, 6, 16, 109, 94, 98, 95, 10, 77, 76, 72, 92, 44, 49, 116, 51, 60, 67, 59, 76, 107, 94, 53, 53, 47, 16, 24, 93, 41, 67, 76, 26, 38, 59, 56, 90, 92, 80, 64, 43, 75, 0, 9, 107, 104, 75, 84, 77, 56, 64, 93, 37, 62, 43, 63, 9, 75, 35, 71, 52, 89, 91, 72, 50, 101, 58, 89, 27, 68, 64, 82, 77, 72, 84, 56, 45, 73, 78, 91, 94, 53, 49, 42, 19, 78, 107, 70, 60, 8, 100, 66, 36]
[48, 72, 39, 61, 55, 81, 38, 46, 24, 113, 62, 34, 47, 37, 68, 30, 58, 53, 63, 28, 25, 63, 70, 57, 92, 49, 28, 74, 75, 59, 88, 70, 44, 69, 69, 5, 55, 105, 77, 47, 75, 83, 28, 17, 87, 56, 36, 25, 64, 80, 33, 45, 24, 21, 75, 8, 84, 44, 71, 14, 6, 17, 101, 85, 92, 86, 16, 69, 67, 66, 84, 37, 44, 107, 43, 52, 60, 51, 71, 99, 86, 44, 45, 38, 20, 24, 84, 33, 59, 68, 25, 36, 51, 48, 82, 87, 72, 55, 37, 67, 9, 0, 98, 96, 70, 77, 69, 48, 56, 85, 29, 55, 35, 57, 14, 67, 32, 62, 44, 83, 83, 65, 42, 92, 52, 81, 19, 59, 56, 74, 71, 64, 76, 48, 37, 65, 71, 83, 86, 47, 40, 37, 13, 71, 98, 64, 54, 2, 91, 61, 31]
[50, 31, 60, 39, 62, 40, 70, 58, 117, 17, 52, 86, 68, 69, 92, 90, 68, 47, 85, 81, 89, 41, 79, 54, 52, 50, 115, 69, 80, 75, 22, 70, 54, 81, 46, 94, 80, 14, 54, 52, 47, 28, 86, 103, 13, 43, 68, 86, 38, 23, 96, 59, 84, 77, 44, 91, 15, 59, 55, 105, 102, 105, 8, 13, 70, 14, 110, 36, 35, 76, 18, 78, 87, 9, 60, 61, 69, 51, 88, 12, 22, 54, 56, 60, 110, 103, 14, 70, 40, 32, 100, 96, 52, 67, 19, 78, 43, 47, 86, 48, 107, 98, 0, 22, 74, 47, 56, 64, 49, 15, 70, 58, 71, 77, 108, 32, 89, 39, 64, 71, 44, 67, 59, 6, 84, 28, 80, 39, 59, 45, 67, 40, 25, 65, 67, 43, 65, 28, 16, 69, 58, 81, 90, 65, 19, 79, 76, 99, 26, 76, 81]
[52, 42, 57, 36, 72, 57, 61, 50, 117, 22, 64, 77, 76, 73, 75, 81, 79, 51, 69, 74, 92, 50, 61, 43, 71, 47, 117, 84, 94, 59, 40, 52, 53, 64, 31, 91, 66, 14, 69, 49, 62, 13, 77, 104, 17, 47, 61, 89, 32, 37, 101, 64, 86, 74, 27, 88, 27, 52, 69, 105, 100, 106, 30, 19, 88, 29, 109, 46, 28, 59, 33, 68, 75, 24, 54, 50, 53, 45, 70, 33, 10, 55, 51, 58, 111, 106, 25, 64, 42, 29, 103, 102, 45, 56, 17, 95, 28, 40, 75, 60, 104, 96, 22, 0, 88, 62, 39, 54, 40, 30, 71, 68, 64, 63, 108, 31, 94, 33, 55, 88, 61, 51, 54, 24, 70, 15, 80, 39, 46, 28, 81, 50, 36, 54, 71, 54, 79, 13, 32, 77, 58, 87, 90, 47, 4, 63, 86, 96, 6, 88, 85]
[50, 46, 58, 63, 21, 35, 75, 71, 73, 92, 25, 87, 26, 37, 115, 87, 13, 45, 108, 77, 46, 39, 108, 79, 33, 59, 67, 7, 7, 98, 53, 103, 55, 110, 83, 69, 99, 88, 22, 60, 28, 82, 82, 61, 71, 47, 72, 45, 67, 52, 44, 37, 46, 62, 88, 64, 62, 69, 20, 66, 69, 63, 71, 69, 24, 61, 70, 42, 70, 104, 57, 83, 95, 82, 68, 81, 95, 66, 115, 67, 80, 49, 64, 56, 67, 56, 64, 70, 52, 65, 53, 41, 69, 83, 71, 17, 84, 68, 89, 28, 75, 70, 74, 88, 0, 28, 92, 80, 71, 60, 49, 25, 74, 98, 71, 62, 40, 67, 75, 14, 33, 97, 65, 69, 99, 79, 54, 57, 83, 87, 8, 39, 52, 81, 38, 34, 10, 81, 58, 25, 51, 33, 57, 100, 88, 105, 16, 72, 88, 9, 39]
[38, 22, 50, 45, 23, 7, 68, 60, 88, 64, 15, 83, 33, 40, 105, 84, 26, 32, 97, 74, 58, 21, 95, 64, 16, 47, 84, 23, 33, 86, 25, 88, 45, 97, 65, 74, 89, 60, 7, 48, 2, 59, 79, 74, 45, 32, 64, 56, 49, 25, 61, 33, 55, 62, 68, 70, 35, 58, 9, 78, 79, 77, 42, 43, 27, 34, 83, 19, 50, 91, 30, 76, 89, 54, 58, 68, 81, 53, 103, 39, 56, 40, 53, 48, 81, 72, 37, 64, 35, 44, 68, 60, 55, 72, 46, 32, 65, 52, 84, 10, 84, 77, 47, 62, 28, 0, 75, 69, 56, 33, 49, 22, 67, 87, 83, 41, 55, 48, 65, 25, 6, 83, 55, 41, 90, 56, 58, 40, 69, 68, 21, 20, 27, 70, 40, 15, 18, 58, 31, 33, 44, 46, 65, 84, 62, 93, 34, 79, 63, 32, 50]
[43, 54, 39, 30, 71, 73, 31, 25, 93, 61, 68, 42, 71, 62, 36, 47, 79, 47, 30, 42, 76, 55, 23, 14, 89, 33, 96, 91, 99, 20, 64, 14, 38, 26, 11, 64, 27, 53, 80, 34, 74, 28, 45, 82, 43, 45, 33, 72, 26, 56, 86, 57, 69, 50, 12, 64, 50, 28, 77, 82, 75, 84, 63, 44, 102, 53, 85, 55, 25, 20, 54, 35, 38, 61, 29, 17, 15, 26, 32, 64, 33, 44, 31, 41, 88, 87, 48, 36, 41, 31, 85, 88, 24, 21, 38, 104, 13, 24, 40, 67, 77, 69, 56, 39, 92, 75, 0, 21, 21, 53, 54, 67, 34, 24, 83, 34, 80, 26, 26, 97, 77, 12, 32, 53, 32, 28, 60, 36, 13, 11, 87, 55, 51, 21, 60, 61, 85, 28, 56, 72, 44, 76, 69, 9, 43, 24, 83, 69, 33, 88, 72]
[31, 51, 22, 28, 59, 69, 10, 9, 72, 74, 58, 23, 56, 46, 36, 27, 67, 37, 28, 21, 56, 48, 29, 11, 85, 22, 74, 80, 87, 18, 65, 25, 25, 30, 23, 43, 20, 66, 73, 21, 67, 41, 24, 61, 51, 37, 12, 53, 27, 56, 67, 43, 50, 29, 29, 42, 54, 11, 69, 60, 54, 63, 70, 51, 94, 57, 63, 51, 29, 24, 57, 15, 23, 72, 12, 4, 16, 17, 35, 70, 45, 31, 16, 25, 67, 66, 53, 15, 35, 33, 64, 69, 14, 4, 45, 94, 27, 18, 22, 60, 56, 48, 64, 54, 80, 69, 21, 0, 16, 56, 36, 56, 13, 18, 61, 34, 61, 26, 5, 88, 73, 19, 15, 60, 22, 39, 40, 31, 9, 28, 76, 49, 51, 1, 44, 54, 75, 41, 59, 57, 29, 58, 48, 24, 57, 25, 69, 48, 48, 74, 54]
[22, 36, 20, 12, 50, 55, 22, 10, 78, 60, 47, 38, 50, 42, 49, 42, 59, 26, 42, 34, 57, 35, 39, 8, 71, 12, 80, 70, 78, 31, 49, 32, 18, 41, 14, 51, 35, 51, 61, 13, 54, 28, 38, 66, 36, 24, 21, 54, 11, 40, 68, 36, 51, 35, 21, 49, 38, 12, 57, 67, 61, 68, 54, 35, 82, 41, 70, 37, 13, 35, 41, 30, 39, 57, 13, 14, 26, 6, 47, 54, 31, 23, 12, 22, 73, 69, 37, 24, 21, 17, 67, 69, 5, 19, 30, 84, 17, 4, 37, 48, 64, 56, 49, 40, 71, 56, 21, 16, 0, 40, 35, 47, 24, 32, 69, 18, 61, 10, 16, 77, 59, 27, 14, 44, 37, 25, 43, 16, 14, 20, 66, 36, 35, 17, 40, 41, 65, 27, 43, 51, 24, 56, 52, 29, 44, 37, 63, 57, 35, 67, 53]
[37, 16, 48, 29, 47, 27, 60, 49, 103, 33, 37, 77, 53, 54, 88, 80, 53, 33, 81, 71, 74, 26, 76, 48, 42, 38, 101, 55, 65, 70, 11, 67, 42, 78, 42, 81, 74, 28, 40, 41, 33, 29, 75, 89, 13, 30, 58, 71, 30, 8, 81, 44, 69, 65, 43, 77, 3, 49, 40, 91, 89, 91, 16, 11, 58, 1, 96, 20, 28, 72, 3, 69, 79, 24, 50, 54, 64, 41, 85, 14, 25, 41, 45, 47, 96, 89, 5, 60, 27, 24, 86, 81, 43, 60, 16, 65, 40, 38, 77, 33, 93, 85, 15, 30, 60, 33, 53, 56, 40, 0, 56, 43, 61, 72, 95, 22, 74, 30, 55, 58, 32, 64, 48, 9, 78, 28, 67, 27, 53, 43, 53, 25, 10, 58, 52, 28, 50, 28, 3, 54, 45, 66, 76, 62, 29, 75, 61, 86, 32, 61, 66]
[20, 43, 15, 35, 30, 53, 28, 29, 47, 86, 35, 38, 23, 12, 68, 38, 36, 24, 61, 28, 22, 34, 64, 40, 65, 25, 46, 52, 55, 53, 59, 61, 18, 65, 49, 25, 52, 78, 50, 23, 47, 60, 33, 33, 59, 27, 25, 19, 39, 51, 33, 16, 16, 13, 56, 22, 56, 26, 45, 35, 32, 35, 72, 58, 68, 58, 39, 40, 43, 59, 55, 34, 47, 79, 25, 38, 51, 29, 69, 70, 61, 16, 23, 14, 40, 35, 56, 22, 31, 42, 33, 34, 31, 38, 55, 65, 52, 33, 40, 39, 37, 29, 70, 71, 49, 49, 54, 36, 35, 56, 0, 28, 26, 52, 38, 40, 26, 38, 31, 60, 55, 55, 22, 64, 52, 57, 10, 33, 42, 55, 48, 35, 47, 37, 11, 36, 47, 59, 57, 24, 13, 23, 20, 59, 73, 60, 35, 31, 67, 42, 18]
[25, 27, 34, 39, 4, 28, 52, 47, 66, 76, 8, 65, 11, 18, 91, 66, 12, 21, 84, 56, 36, 18, 84, 55, 37, 35, 62, 25, 31, 74, 40, 78, 31, 85, 59, 52, 75, 70, 22, 35, 20, 60, 60, 52, 52, 23, 48, 33, 44, 35, 40, 14, 33, 42, 64, 48, 44, 44, 16, 56, 56, 54, 57, 50, 40, 44, 61, 23, 46, 79, 40, 60, 73, 67, 44, 56, 70, 42, 91, 54, 59, 25, 39, 32, 59, 50, 45, 47, 28, 42, 47, 39, 44, 59, 50, 39, 60, 43, 67, 13, 62, 55, 58, 68, 25, 22, 67, 56, 47, 43, 28, 0, 50, 74, 60, 39, 34, 43, 51, 33, 29, 73, 40, 52, 76, 57, 36, 33, 59, 63, 21, 18, 34, 57, 18, 15, 20, 59, 42, 11, 27, 25, 43, 75, 69, 81, 18, 57, 67, 21, 28]
[29, 53, 17, 33, 53, 69, 3, 13, 59, 83, 54, 16, 48, 37, 43, 19, 60, 35, 35, 10, 44, 47, 39, 23, 83, 23, 61, 75, 80, 27, 68, 37, 22, 39, 35, 30, 26, 75, 70, 21, 65, 51, 14, 48, 59, 36, 3, 42, 34, 59, 55, 37, 39, 17, 41, 29, 59, 12, 65, 47, 41, 50, 76, 58, 90, 62, 50, 51, 37, 34, 61, 9, 22, 80, 11, 17, 27, 21, 43, 75, 55, 27, 16, 19, 54, 53, 59, 4, 36, 39, 52, 58, 19, 14, 53, 89, 38, 24, 17, 57, 43, 35, 71, 64, 74, 67, 34, 13, 24, 61, 26, 50, 0, 26, 48, 40, 50, 33, 9, 83, 72, 31, 13, 66, 26, 49, 28, 34, 21, 40, 71, 48, 54, 14, 36, 52, 70, 51, 63, 49, 24, 48, 35, 37, 67, 34, 61, 35, 59, 67, 43]
[49, 68, 40, 44, 77, 87, 24, 28, 80, 84, 76, 23, 74, 63, 18, 28, 85, 55, 10, 29, 70, 66, 13, 24, 103, 40, 84, 99, 105, 4, 81, 16, 43, 13, 32, 52, 3, 76, 91, 40, 85, 51, 29, 72, 64, 55, 27, 68, 42, 73, 81, 61, 65, 43, 36, 53, 69, 30, 87, 70, 63, 73, 84, 65, 112, 73, 72, 69, 43, 9, 73, 20, 16, 84, 30, 19, 9, 34, 17, 85, 56, 49, 35, 42, 77, 78, 68, 30, 53, 48, 77, 84, 32, 15, 59, 113, 35, 35, 21, 78, 63, 57, 77, 63, 98, 87, 24, 18, 32, 72, 52, 74, 26, 0, 70, 50, 76, 42, 23, 106, 91, 13, 33, 74, 8, 50, 54, 48, 19, 34, 94, 67, 68, 17, 61, 72, 94, 51, 74, 74, 47, 75, 60, 19, 67, 8, 86, 56, 57, 92, 69]
[58, 80, 50, 72, 60, 88, 51, 59, 10, 124, 68, 47, 50, 43, 81, 43, 61, 62, 76, 41, 25, 71, 83, 70, 97, 61, 15, 76, 75, 73, 97, 84, 55, 83, 82, 18, 69, 116, 81, 59, 81, 96, 41, 9, 97, 65, 50, 27, 76, 89, 28, 52, 28, 34, 89, 19, 94, 57, 76, 5, 8, 8, 110, 96, 94, 96, 2, 77, 79, 79, 93, 50, 57, 118, 55, 65, 74, 63, 84, 108, 98, 54, 57, 50, 8, 17, 94, 47, 69, 79, 19, 32, 64, 62, 93, 87, 85, 67, 50, 73, 9, 14, 108, 108, 71, 83, 83, 61, 69, 95, 38, 60, 48, 70, 0, 78, 30, 74, 57, 84, 89, 78, 54, 102, 65, 93, 28, 70, 70, 87, 73, 72, 85, 62, 44, 72, 74, 95, 95, 50, 51, 38, 18, 84, 110, 78, 55, 14, 103, 62, 33]
[21, 20, 28, 7, 43, 39, 38, 27, 87, 46, 37, 55, 46, 42, 67, 59, 51, 20, 60, 49, 61, 23, 55, 26, 55, 18, 87, 59, 68, 48, 31, 48, 23, 58, 23, 62, 53, 38, 47, 20, 40, 21, 54, 74, 20, 16, 37, 58, 8, 22, 70, 33, 55, 46, 27, 59, 20, 27, 45, 75, 71, 76, 36, 19, 69, 23, 79, 22, 9, 52, 23, 47, 57, 41, 28, 32, 43, 19, 64, 36, 21, 24, 24, 29, 81, 75, 19, 38, 11, 3, 72, 71, 21, 38, 15, 72, 23, 16, 55, 35, 75, 67, 32, 31, 62, 41, 34, 34, 18, 22, 40, 39, 40, 50, 78, 0, 63, 9, 33, 65, 43, 43, 27, 27, 56, 18, 50, 8, 31, 26, 56, 23, 17, 36, 40, 28, 54, 20, 24, 47, 28, 56, 60, 43, 33, 55, 57, 68, 28, 60, 55]
[43, 59, 41, 59, 32, 61, 53, 55, 33, 106, 41, 58, 23, 21, 91, 56, 31, 44, 85, 49, 7, 49, 89, 66, 68, 50, 29, 46, 44, 77, 73, 86, 43, 89, 75, 32, 76, 100, 53, 48, 53, 84, 52, 21, 80, 47, 49, 9, 64, 67, 7, 31, 11, 34, 82, 28, 74, 52, 47, 25, 30, 23, 89, 79, 64, 76, 30, 54, 67, 84, 72, 57, 68, 98, 51, 64, 77, 55, 93, 86, 84, 40, 49, 39, 27, 16, 75, 47, 52, 65, 13, 8, 57, 64, 77, 57, 78, 58, 61, 47, 35, 32, 89, 94, 40, 55, 80, 61, 61, 74, 26, 34, 50, 76, 30, 63, 0, 63, 56, 54, 61, 80, 48, 83, 74, 81, 22, 55, 68, 81, 43, 50, 64, 62, 23, 48, 44, 83, 74, 22, 37, 9, 20, 85, 96, 84, 25, 34, 91, 31, 9]
[20, 28, 24, 4, 47, 47, 31, 19, 84, 51, 42, 48, 48, 42, 59, 51, 55, 22, 51, 42, 60, 29, 47, 17, 63, 14, 84, 65, 73, 40, 40, 40, 20, 50, 17, 57, 44, 43, 54, 16, 47, 22, 47, 71, 26, 19, 30, 56, 1, 31, 70, 34, 54, 41, 21, 55, 28, 20, 51, 72, 67, 73, 44, 25, 75, 31, 76, 29, 5, 43, 31, 39, 49, 47, 22, 24, 34, 12, 56, 44, 23, 23, 18, 25, 78, 73, 27, 32, 15, 7, 71, 71, 13, 29, 20, 78, 17, 8, 47, 41, 71, 62, 39, 33, 67, 48, 26, 26, 10, 30, 38, 43, 33, 42, 74, 9, 63, 0, 25, 71, 51, 35, 21, 34, 47, 19, 47, 9, 23, 21, 61, 29, 26, 27, 40, 34, 60, 21, 33, 49, 25, 57, 57, 35, 36, 46, 60, 63, 29, 64, 54]
[27, 48, 17, 26, 54, 66, 6, 6, 68, 75, 54, 22, 51, 41, 40, 26, 62, 33, 33, 19, 51, 45, 34, 13, 81, 19, 70, 76, 82, 23, 63, 30, 21, 35, 25, 39, 24, 67, 69, 17, 64, 43, 22, 57, 51, 33, 8, 48, 26, 54, 62, 38, 45, 25, 32, 38, 53, 7, 65, 56, 50, 58, 69, 51, 90, 56, 59, 48, 29, 29, 55, 14, 25, 72, 7, 8, 21, 14, 40, 69, 46, 26, 12, 20, 62, 61, 52, 11, 32, 32, 60, 64, 12, 8, 45, 90, 29, 17, 22, 56, 52, 44, 64, 55, 75, 65, 26, 5, 16, 55, 31, 51, 9, 23, 57, 33, 56, 25, 0, 83, 69, 24, 11, 59, 25, 40, 35, 29, 13, 30, 72, 46, 49, 6, 39, 50, 71, 42, 57, 52, 24, 53, 43, 29, 59, 30, 64, 44, 50, 69, 49]
[57, 47, 67, 67, 30, 31, 84, 79, 87, 88, 30, 98, 37, 48, 124, 98, 25, 51, 116, 88, 60, 42, 115, 85, 22, 66, 81, 9, 13, 106, 49, 109, 63, 117, 88, 81, 107, 85, 18, 67, 25, 84, 93, 75, 70, 53, 81, 58, 72, 50, 58, 46, 59, 73, 92, 77, 60, 76, 20, 79, 83, 77, 66, 68, 10, 59, 84, 43, 73, 111, 55, 92, 105, 78, 76, 88, 102, 73, 123, 62, 81, 57, 72, 64, 81, 70, 62, 80, 56, 68, 67, 55, 76, 91, 71, 7, 88, 73, 99, 30, 89, 83, 71, 88, 14, 25, 97, 88, 77, 58, 60, 33, 83, 106, 84, 65, 54, 71, 83, 0, 27, 104, 73, 66, 108, 81, 66, 62, 90, 91, 13, 42, 52, 89, 49, 37, 13, 83, 56, 37, 59, 47, 70, 106, 87, 113, 29, 85, 88, 23, 52]
[43, 23, 55, 47, 30, 4, 72, 64, 94, 61, 21, 88, 39, 46, 108, 90, 32, 37, 100, 79, 65, 25, 98, 67, 12, 51, 90, 26, 37, 89, 22, 91, 50, 100, 67, 80, 93, 58, 11, 52, 8, 59, 84, 81, 44, 36, 69, 62, 51, 24, 68, 39, 61, 68, 70, 76, 34, 62, 15, 84, 85, 83, 39, 42, 27, 32, 89, 22, 52, 94, 29, 81, 94, 51, 63, 72, 85, 56, 106, 35, 55, 45, 57, 53, 88, 78, 36, 69, 38, 46, 75, 66, 59, 76, 46, 34, 66, 56, 89, 16, 91, 83, 44, 61, 33, 6, 77, 73, 59, 32, 55, 29, 72, 91, 89, 43, 61, 51, 69, 27, 0, 86, 60, 39, 95, 57, 64, 43, 73, 69, 25, 24, 27, 74, 46, 20, 23, 58, 29, 39, 49, 53, 72, 86, 61, 96, 40, 85, 63, 37, 56]
[48, 63, 41, 38, 76, 82, 28, 27, 89, 73, 74, 34, 74, 65, 25, 39, 84, 52, 18, 37, 75, 62, 12, 18, 98, 38, 92, 97, 104, 9, 74, 6, 42, 15, 22, 60, 16, 65, 88, 38, 81, 40, 38, 79, 55, 51, 31, 72, 35, 66, 86, 60, 69, 48, 24, 60, 61, 29, 84, 78, 71, 81, 74, 55, 109, 64, 80, 64, 35, 9, 65, 28, 28, 73, 30, 17, 4, 31, 21, 76, 45, 48, 34, 43, 84, 84, 59, 34, 48, 41, 83, 88, 28, 17, 49, 111, 24, 30, 31, 75, 72, 65, 67, 51, 97, 83, 12, 19, 27, 64, 55, 73, 31, 13, 78, 43, 80, 35, 24, 104, 86, 0, 34, 65, 21, 39, 59, 43, 14, 23, 93, 63, 61, 18, 63, 68, 92, 40, 66, 75, 47, 77, 66, 6, 55, 12, 87, 65, 45, 92, 73]
[17, 40, 7, 20, 44, 56, 13, 7, 64, 72, 43, 29, 41, 31, 51, 32, 51, 23, 43, 22, 44, 35, 44, 18, 71, 10, 65, 65, 71, 33, 55, 40, 10, 45, 28, 37, 35, 64, 59, 8, 53, 42, 27, 52, 47, 23, 10, 40, 22, 46, 54, 27, 37, 21, 35, 35, 47, 4, 54, 52, 47, 54, 63, 46, 80, 49, 56, 39, 26, 39, 48, 22, 34, 68, 4, 17, 30, 9, 50, 63, 44, 16, 3, 9, 58, 55, 46, 11, 23, 27, 53, 56, 9, 19, 41, 79, 31, 13, 30, 45, 50, 42, 59, 54, 65, 55, 32, 15, 14, 48, 22, 40, 13, 33, 54, 27, 48, 21, 11, 73, 60, 34, 0, 54, 36, 39, 29, 21, 20, 34, 61, 36, 41, 17, 29, 40, 60, 41, 50, 42, 14, 44, 38, 37, 57, 40, 54, 42, 49, 59, 40]
[44, 25, 54, 34, 55, 35, 65, 53, 111, 24, 46, 82, 62, 62, 89, 85, 62, 41, 82, 76, 83, 34, 76, 50, 48, 44, 109, 64, 74, 71, 17, 67, 48, 79, 43, 88, 77, 19, 48, 46, 41, 27, 81, 97, 10, 37, 63, 79, 33, 17, 90, 52, 77, 72, 42, 85, 8, 54, 49, 99, 96, 99, 10, 9, 66, 8, 103, 29, 31, 73, 12, 73, 83, 16, 55, 57, 66, 46, 85, 11, 21, 48, 51, 54, 104, 97, 8, 65, 34, 27, 94, 90, 47, 63, 16, 73, 40, 42, 81, 41, 101, 92, 6, 24, 69, 41, 53, 60, 44, 9, 64, 52, 66, 74, 102, 27, 83, 34, 59, 66, 39, 65, 54, 0, 80, 26, 74, 33, 55, 43, 61, 34, 19, 61, 61, 37, 59, 26, 10, 63, 52, 75, 84, 62, 22, 77, 70, 93, 27, 70, 75]
[52, 73, 42, 49, 79, 91, 24, 31, 75, 92, 79, 18, 74, 63, 17, 22, 86, 58, 11, 26, 68, 70, 19, 30, 106, 44, 80, 100, 106, 12, 87, 23, 46, 18, 39, 48, 5, 84, 94, 43, 89, 58, 24, 68, 71, 58, 28, 66, 48, 78, 79, 62, 63, 41, 43, 49, 75, 32, 90, 66, 58, 69, 90, 71, 115, 78, 67, 73, 49, 16, 78, 17, 9, 91, 32, 24, 17, 38, 19, 91, 63, 51, 37, 44, 72, 75, 74, 29, 57, 54, 74, 82, 36, 18, 65, 115, 42, 40, 15, 81, 58, 52, 84, 70, 99, 90, 32, 22, 37, 78, 52, 76, 26, 8, 65, 56, 74, 47, 25, 108, 95, 21, 36, 80, 0, 57, 52, 53, 25, 42, 96, 71, 73, 21, 62, 75, 95, 58, 80, 75, 49, 74, 57, 27, 74, 13, 87, 51, 64, 93, 68]
[38, 34, 43, 21, 61, 52, 47, 36, 102, 35, 54, 62, 64, 60, 64, 66, 69, 38, 57, 59, 78, 40, 51, 28, 68, 32, 103, 76, 86, 47, 39, 42, 38, 54, 18, 76, 53, 27, 63, 34, 56, 3, 63, 89, 16, 35, 46, 75, 17, 33, 88, 51, 72, 59, 16, 74, 25, 37, 61, 90, 86, 91, 35, 17, 83, 28, 94, 38, 14, 48, 30, 54, 61, 34, 39, 35, 41, 30, 60, 37, 6, 41, 36, 44, 96, 92, 23, 49, 30, 16, 89, 88, 30, 41, 11, 88, 15, 25, 61, 52, 89, 81, 28, 15, 79, 56, 28, 39, 25, 28, 57, 57, 49, 50, 93, 18, 81, 19, 40, 81, 57, 39, 39, 26, 57, 0, 66, 25, 33, 17, 73, 40, 30, 40, 58, 45, 71, 2, 30, 65, 44, 74, 76, 37, 18, 52, 75, 81, 11, 78, 72]
[30, 53, 23, 45, 37, 62, 31, 35, 37, 96, 43, 36, 29, 18, 69, 35, 41, 34, 63, 27, 16, 44, 67, 47, 73, 34, 37, 57, 59, 56, 69, 65, 28, 67, 57, 16, 54, 88, 58, 32, 56, 69, 30, 24, 70, 37, 28, 14, 49, 61, 27, 25, 11, 11, 64, 12, 66, 32, 52, 25, 22, 26, 82, 68, 75, 68, 29, 50, 52, 63, 65, 35, 46, 90, 31, 43, 55, 37, 71, 80, 70, 26, 31, 22, 30, 27, 66, 25, 41, 52, 25, 30, 38, 42, 65, 71, 60, 41, 39, 48, 27, 19, 80, 80, 54, 58, 60, 40, 43, 67, 10, 36, 28, 54, 28, 50, 22, 47, 35, 66, 64, 59, 29, 74, 52, 66, 0, 42, 48, 62, 53, 45, 57, 41, 18, 46, 54, 68, 68, 29, 23, 23, 10, 64, 83, 62, 39, 21, 77, 45, 16]
[13, 20, 21, 5, 37, 39, 33, 23, 79, 53, 32, 50, 39, 35, 66, 53, 46, 13, 58, 43, 54, 19, 55, 25, 55, 11, 79, 56, 64, 47, 34, 48, 15, 57, 26, 55, 51, 46, 45, 13, 38, 28, 48, 66, 27, 10, 31, 50, 10, 25, 63, 26, 47, 38, 31, 52, 26, 22, 42, 67, 64, 68, 42, 26, 66, 28, 72, 21, 13, 51, 27, 42, 53, 48, 23, 30, 42, 15, 63, 42, 29, 16, 18, 21, 73, 67, 25, 32, 5, 10, 65, 63, 17, 35, 23, 69, 27, 13, 50, 32, 68, 59, 39, 39, 57, 40, 36, 31, 16, 27, 33, 33, 34, 48, 70, 8, 55, 9, 29, 62, 43, 43, 21, 33, 53, 25, 42, 0, 30, 30, 52, 20, 20, 32, 33, 25, 50, 28, 29, 40, 20, 49, 52, 44, 41, 54, 51, 61, 36, 54, 47]
[34, 50, 27, 26, 62, 69, 18, 13, 80, 68, 60, 31, 60, 51, 36, 35, 70, 39, 28, 30, 63, 49, 25, 5, 85, 24, 83, 83, 90, 17, 62, 20, 28, 28, 15, 51, 22, 59, 74, 24, 68, 34, 33, 69, 46, 38, 20, 60, 23, 54, 74, 47, 57, 37, 21, 51, 50, 16, 70, 69, 62, 71, 65, 46, 96, 54, 72, 51, 25, 21, 54, 23, 29, 66, 17, 4, 12, 17, 33, 66, 39, 34, 20, 30, 75, 74, 49, 23, 35, 29, 72, 76, 14, 9, 40, 97, 19, 17, 29, 61, 64, 56, 59, 46, 83, 69, 13, 9, 14, 53, 42, 59, 21, 19, 70, 31, 68, 23, 13, 90, 73, 14, 20, 55, 25, 33, 48, 30, 0, 19, 79, 50, 49, 8, 49, 54, 78, 34, 55, 61, 34, 64, 56, 17, 50, 24, 73, 56, 41, 78, 60]
[40, 46, 40, 25, 67, 65, 37, 28, 97, 50, 62, 50, 68, 61, 48, 55, 76, 43, 41, 49, 77, 49, 34, 17, 81, 31, 99, 85, 94, 31, 54, 25, 37, 37, 5, 69, 37, 42, 74, 32, 67, 17, 52, 85, 33, 40, 38, 73, 20, 47, 87, 54, 71, 54, 1, 68, 40, 30, 71, 85, 80, 87, 52, 34, 95, 43, 89, 48, 18, 31, 45, 42, 47, 50, 32, 23, 25, 26, 43, 54, 22, 42, 32, 41, 92, 89, 38, 41, 35, 23, 87, 89, 24, 29, 27, 98, 3, 22, 48, 61, 82, 74, 45, 28, 87, 68, 11, 28, 20, 43, 55, 63, 40, 34, 87, 26, 81, 21, 30, 91, 69, 23, 34, 43, 42, 17, 62, 30, 19, 0, 82, 49, 43, 28, 59, 55, 80, 17, 46, 69, 43, 75, 72, 20, 32, 35, 81, 74, 22, 84, 72]
[45, 39, 54, 57, 18, 28, 72, 67, 76, 84, 19, 85, 25, 36, 112, 85, 12, 40, 104, 75, 48, 33, 104, 74, 26, 55, 71, 4, 13, 94, 46, 98, 51, 106, 78, 69, 96, 80, 14, 55, 20, 76, 80, 64, 64, 42, 69, 46, 62, 44, 48, 34, 47, 61, 82, 65, 54, 65, 12, 68, 71, 66, 63, 62, 22, 54, 73, 35, 64, 100, 50, 80, 93, 75, 65, 77, 90, 62, 111, 59, 73, 45, 60, 52, 70, 59, 56, 67, 46, 59, 56, 45, 64, 80, 64, 18, 78, 63, 87, 21, 77, 71, 67, 81, 8, 21, 87, 76, 66, 53, 48, 21, 71, 94, 73, 56, 43, 61, 72, 13, 25, 93, 61, 61, 96, 73, 53, 52, 79, 82, 0, 33, 45, 77, 37, 27, 2, 75, 51, 24, 47, 35, 58, 95, 81, 101, 18, 73, 81, 13, 40]
[20, 9, 32, 25, 22, 20, 48, 40, 79, 57, 14, 65, 28, 30, 85, 66, 29, 13, 77, 56, 50, 1, 75, 45, 36, 27, 77, 36, 46, 66, 25, 68, 26, 77, 46, 60, 69, 52, 25, 28, 18, 43, 61, 65, 34, 13, 46, 47, 30, 18, 57, 20, 45, 46, 50, 57, 26, 38, 22, 68, 67, 68, 40, 32, 46, 26, 73, 5, 31, 71, 23, 58, 70, 49, 39, 48, 62, 33, 83, 37, 41, 22, 34, 30, 73, 64, 27, 46, 15, 26, 61, 56, 36, 53, 32, 49, 46, 33, 65, 12, 72, 64, 40, 50, 39, 20, 55, 49, 36, 25, 35, 18, 48, 67, 72, 23, 50, 29, 46, 42, 24, 63, 36, 34, 71, 40, 45, 20, 50, 49, 33, 0, 15, 50, 29, 5, 31, 42, 25, 29, 26, 41, 54, 64, 50, 73, 37, 66, 49, 38, 42]
[28, 6, 39, 23, 37, 23, 53, 43, 93, 42, 28, 70, 43, 44, 85, 73, 44, 23, 77, 63, 65, 16, 73, 43, 39, 31, 91, 48, 58, 66, 14, 65, 33, 75, 40, 72, 70, 37, 34, 33, 26, 32, 68, 79, 19, 20, 51, 61, 26, 5, 72, 34, 59, 56, 43, 68, 10, 42, 33, 81, 79, 81, 25, 17, 54, 11, 86, 11, 26, 69, 8, 62, 74, 34, 43, 49, 60, 35, 82, 23, 29, 32, 38, 39, 86, 79, 12, 52, 18, 20, 76, 71, 37, 54, 19, 59, 40, 33, 70, 24, 84, 76, 25, 36, 52, 27, 51, 51, 35, 10, 47, 34, 54, 68, 85, 17, 64, 26, 49, 52, 27, 61, 41, 19, 73, 30, 57, 20, 49, 43, 45, 15, 0, 52, 43, 19, 43, 31, 10, 44, 36, 56, 67, 60, 36, 72, 52, 77, 36, 53, 57]
[33, 52, 24, 29, 60, 70, 10, 11, 72, 75, 59, 22, 57, 47, 35, 27, 68, 38, 27, 21, 57, 50, 27, 12, 86, 24, 75, 82, 88, 17, 66, 24, 26, 29, 23, 43, 19, 67, 75, 23, 69, 42, 24, 62, 52, 38, 13, 54, 28, 57, 68, 44, 51, 30, 29, 43, 55, 13, 70, 61, 54, 63, 71, 52, 96, 58, 64, 52, 30, 23, 58, 14, 22, 73, 13, 4, 14, 18, 34, 71, 46, 32, 18, 26, 67, 67, 54, 16, 36, 34, 65, 70, 15, 2, 46, 96, 27, 20, 21, 61, 56, 48, 65, 54, 81, 70, 21, 1, 17, 58, 37, 57, 14, 17, 62, 36, 62, 27, 6, 89, 74, 18, 17, 61, 21, 40, 41, 32, 8, 28, 77, 50, 52, 0, 45, 55, 77, 41, 60, 58, 31, 60, 49, 23, 58, 24, 70, 48, 49, 76, 55]
[20, 37, 22, 37, 19, 45, 38, 36, 51, 84, 25, 49, 13, 2, 78, 49, 25, 21, 71, 39, 22, 28, 73, 46, 55, 28, 48, 41, 45, 62, 53, 69, 22, 74, 54, 34, 62, 77, 40, 27, 38, 61, 44, 37, 58, 24, 34, 18, 41, 46, 30, 9, 17, 24, 60, 30, 52, 33, 35, 39, 39, 39, 68, 56, 58, 54, 44, 34, 45, 68, 51, 45, 57, 76, 33, 46, 59, 34, 78, 65, 61, 17, 29, 20, 44, 36, 53, 32, 29, 43, 33, 30, 36, 47, 54, 55, 56, 37, 51, 30, 45, 37, 67, 71, 38, 40, 60, 44, 40, 52, 11, 18, 36, 61, 44, 40, 23, 40, 39, 49, 46, 63, 29, 61, 62, 58, 18, 33, 49, 59, 37, 29, 43, 45, 0, 28, 37, 60, 53, 13, 16, 16, 26, 66, 73, 69, 25, 39, 69, 31, 14]
[23, 13, 35, 31, 18, 17, 52, 44, 79, 61, 9, 68, 25, 29, 89, 70, 25, 17, 82, 59, 49, 6, 80, 50, 31, 31, 76, 31, 40, 71, 26, 73, 30, 82, 51, 61, 74, 56, 20, 32, 14, 48, 64, 65, 38, 17, 49, 46, 35, 20, 55, 20, 45, 48, 55, 58, 29, 43, 17, 68, 67, 67, 42, 36, 41, 30, 73, 8, 37, 76, 26, 61, 74, 52, 43, 53, 66, 38, 88, 39, 46, 25, 38, 34, 72, 63, 31, 49, 20, 32, 60, 54, 40, 57, 37, 44, 51, 38, 69, 7, 73, 65, 43, 54, 34, 15, 61, 54, 41, 28, 36, 15, 52, 72, 72, 28, 48, 34, 50, 37, 20, 68, 40, 37, 75, 45, 46, 25, 54, 55, 27, 5, 19, 55, 28, 0, 26, 47, 27, 26, 29, 39, 54, 69, 55, 78, 33, 67, 54, 34, 41]
[44, 37, 54, 56, 17, 25, 72, 66, 78, 82, 18, 85, 25, 36, 111, 85, 13, 39, 103, 75, 49, 31, 103, 73, 25, 54, 72, 5, 15, 93, 43, 97, 50, 105, 76, 69, 95, 78, 12, 54, 18, 74, 80, 65, 62, 41, 68, 47, 60, 42, 49, 33, 48, 61, 81, 65, 52, 64, 10, 69, 71, 67, 61, 60, 21, 52, 74, 33, 62, 99, 48, 80, 92, 72, 64, 76, 89, 60, 110, 57, 71, 45, 59, 52, 71, 61, 54, 67, 45, 57, 57, 47, 63, 79, 62, 19, 77, 61, 87, 19, 78, 71, 65, 79, 10, 18, 85, 75, 65, 50, 47, 20, 70, 94, 74, 54, 44, 60, 71, 13, 23, 92, 60, 59, 95, 71, 54, 50, 78, 80, 2, 31, 43, 77, 37, 26, 0, 73, 49, 25, 47, 36, 59, 94, 79, 100, 20, 74, 79, 15, 41]
[40, 36, 45, 24, 63, 54, 48, 37, 104, 34, 56, 64, 66, 62, 65, 68, 71, 40, 58, 61, 81, 42, 51, 30, 69, 34, 105, 78, 88, 48, 40, 42, 40, 54, 19, 78, 54, 25, 65, 36, 57, 1, 64, 92, 16, 37, 48, 77, 19, 34, 90, 53, 74, 62, 16, 76, 26, 39, 63, 92, 88, 94, 35, 18, 85, 28, 96, 40, 16, 49, 31, 56, 63, 33, 41, 37, 42, 32, 60, 37, 5, 43, 38, 46, 98, 94, 23, 51, 32, 18, 91, 91, 32, 43, 12, 90, 16, 28, 63, 54, 91, 83, 28, 13, 81, 58, 28, 41, 27, 28, 59, 59, 51, 51, 95, 20, 83, 21, 42, 83, 58, 40, 41, 26, 58, 2, 68, 28, 34, 17, 75, 42, 31, 41, 60, 47, 73, 0, 31, 67, 46, 76, 78, 37, 17, 52, 77, 83, 9, 80, 74]
[38, 16, 49, 31, 46, 25, 62, 51, 103, 34, 36, 79, 53, 54, 91, 82, 52, 34, 83, 72, 75, 25, 78, 50, 39, 40, 101, 53, 64, 72, 9, 70, 43, 81, 45, 82, 77, 29, 38, 42, 31, 32, 77, 89, 16, 30, 60, 71, 32, 7, 81, 44, 69, 66, 46, 78, 6, 51, 39, 92, 89, 92, 15, 14, 56, 3, 96, 20, 31, 75, 2, 71, 82, 25, 52, 56, 66, 43, 87, 13, 27, 42, 47, 49, 97, 89, 8, 61, 28, 26, 86, 81, 45, 62, 19, 63, 43, 40, 79, 31, 94, 86, 16, 32, 58, 31, 56, 59, 43, 3, 57, 42, 63, 74, 95, 24, 74, 33, 57, 56, 29, 66, 50, 10, 80, 30, 68, 29, 55, 46, 51, 25, 10, 60, 53, 27, 49, 31, 0, 53, 46, 66, 77, 65, 31, 78, 60, 87, 34, 60, 67]
[29, 38, 34, 45, 9, 39, 51, 48, 55, 86, 19, 62, 1, 12, 92, 62, 12, 27, 84, 52, 25, 28, 85, 58, 46, 39, 51, 28, 31, 75, 52, 81, 33, 87, 64, 45, 75, 81, 31, 38, 31, 68, 57, 42, 62, 30, 47, 23, 50, 46, 29, 15, 23, 37, 70, 41, 54, 46, 25, 45, 47, 44, 68, 60, 46, 55, 50, 34, 53, 81, 51, 58, 71, 78, 45, 58, 72, 45, 91, 65, 67, 28, 41, 32, 49, 39, 56, 46, 36, 50, 35, 28, 48, 60, 59, 42, 66, 48, 64, 25, 53, 47, 69, 77, 25, 33, 72, 57, 51, 54, 24, 11, 49, 74, 50, 47, 22, 49, 52, 37, 39, 75, 42, 63, 75, 65, 29, 40, 61, 69, 24, 29, 44, 58, 13, 26, 25, 67, 53, 0, 28, 13, 34, 78, 78, 82, 12, 49, 75, 18, 17]
[8, 32, 7, 22, 30, 46, 25, 21, 59, 73, 31, 39, 27, 18, 65, 41, 37, 13, 57, 30, 34, 25, 58, 30, 60, 12, 59, 52, 57, 47, 49, 53, 6, 59, 38, 36, 48, 66, 47, 11, 42, 47, 35, 46, 47, 16, 21, 31, 27, 40, 44, 14, 28, 20, 45, 33, 44, 18, 41, 47, 44, 48, 60, 46, 67, 46, 52, 30, 30, 53, 44, 33, 46, 67, 17, 30, 44, 18, 64, 59, 48, 4, 14, 5, 53, 48, 44, 21, 18, 29, 45, 45, 20, 32, 42, 66, 41, 21, 41, 34, 49, 40, 58, 58, 51, 44, 44, 29, 24, 45, 13, 27, 24, 47, 51, 28, 37, 25, 24, 59, 49, 47, 14, 52, 49, 44, 23, 20, 34, 43, 47, 26, 36, 31, 16, 29, 47, 46, 46, 28, 0, 32, 33, 51, 60, 54, 40, 42, 55, 45, 29]
[36, 50, 37, 53, 23, 52, 51, 51, 42, 98, 32, 59, 14, 14, 91, 57, 23, 36, 84, 49, 13, 40, 87, 62, 59, 44, 38, 38, 38, 76, 65, 84, 38, 88, 70, 36, 75, 92, 44, 43, 44, 77, 53, 29, 73, 40, 47, 12, 58, 59, 16, 23, 13, 33, 77, 32, 66, 48, 38, 33, 36, 31, 81, 71, 56, 67, 38, 46, 61, 82, 64, 56, 68, 90, 48, 61, 74, 50, 92, 78, 77, 34, 45, 35, 36, 25, 67, 45, 45, 59, 22, 15, 52, 61, 70, 50, 73, 53, 61, 38, 42, 37, 81, 87, 33, 46, 76, 58, 56, 66, 23, 25, 48, 75, 38, 56, 9, 57, 53, 47, 53, 77, 44, 75, 74, 74, 23, 49, 64, 75, 35, 41, 56, 60, 16, 39, 36, 76, 66, 13, 32, 0, 24, 82, 89, 83, 18, 39, 85, 24, 6]
[40, 62, 33, 55, 43, 70, 38, 44, 27, 106, 50, 40, 34, 25, 74, 37, 46, 44, 68, 31, 13, 53, 73, 55, 80, 43, 27, 62, 62, 62, 78, 72, 38, 73, 66, 12, 59, 98, 65, 41, 63, 79, 34, 14, 79, 47, 36, 13, 58, 71, 22, 34, 11, 18, 73, 9, 76, 41, 59, 15, 13, 16, 92, 78, 80, 78, 19, 59, 62, 69, 75, 40, 50, 99, 40, 51, 62, 47, 76, 90, 80, 36, 40, 32, 21, 18, 76, 33, 51, 62, 17, 26, 47, 49, 75, 74, 69, 51, 43, 56, 19, 13, 90, 90, 57, 65, 69, 48, 52, 76, 20, 43, 35, 60, 18, 60, 20, 57, 43, 70, 72, 66, 38, 84, 57, 76, 10, 52, 56, 72, 58, 54, 67, 49, 26, 54, 59, 78, 77, 34, 33, 24, 0, 72, 93, 68, 42, 15, 86, 48, 18]
[50, 63, 45, 39, 79, 82, 34, 30, 95, 69, 76, 40, 77, 68, 28, 45, 87, 55, 22, 43, 80, 64, 14, 21, 98, 40, 98, 99, 106, 15, 73, 5, 45, 17, 20, 66, 22, 61, 89, 40, 82, 37, 44, 85, 53, 53, 36, 77, 35, 65, 91, 64, 74, 53, 21, 66, 60, 33, 86, 84, 77, 86, 72, 53, 111, 63, 86, 64, 35, 12, 64, 34, 34, 70, 34, 21, 11, 34, 23, 74, 42, 51, 37, 47, 90, 90, 58, 39, 49, 40, 89, 93, 31, 23, 47, 113, 22, 32, 38, 76, 78, 71, 65, 47, 100, 84, 9, 24, 29, 62, 59, 75, 37, 19, 84, 43, 85, 35, 29, 106, 86, 6, 37, 62, 27, 37, 64, 44, 17, 20, 95, 64, 60, 23, 66, 69, 94, 37, 65, 78, 51, 82, 72, 0, 51, 16, 90, 71, 41, 95, 77]
[54, 42, 60, 38, 73, 56, 65, 54, 120, 18, 64, 80, 77, 75, 79, 85, 80, 52, 73, 77, 94, 51, 65, 46, 70, 49, 119, 84, 94, 63, 39, 56, 55, 68, 35, 94, 70, 10, 69, 52, 62, 16, 81, 106, 17, 49, 65, 91, 35, 37, 103, 65, 88, 77, 31, 91, 27, 55, 69, 108, 103, 108, 28, 19, 87, 28, 112, 47, 31, 63, 32, 72, 79, 21, 57, 53, 57, 48, 74, 31, 13, 57, 54, 61, 113, 108, 25, 67, 44, 31, 105, 103, 48, 59, 19, 94, 32, 44, 79, 60, 107, 98, 19, 4, 88, 62, 43, 57, 44, 29, 73, 69, 67, 67, 110, 33, 96, 36, 59, 87, 61, 55, 57, 22, 74, 18, 83, 41, 50, 32, 81, 50, 36, 58, 73, 55, 79, 17, 31, 78, 60, 89, 93, 51, 0, 67, 87, 99, 10, 89, 87]
[56, 73, 48, 49, 84, 92, 32, 34, 88, 85, 83, 31, 81, 71, 13, 35, 92, 62, 6, 37, 78, 72, 5, 29, 108, 47, 92, 105, 112, 7, 85, 12, 50, 5, 34, 60, 9, 77, 98, 46, 91, 52, 36, 80, 67, 61, 35, 76, 47, 77, 89, 68, 73, 51, 36, 61, 73, 37, 93, 78, 70, 81, 87, 67, 119, 76, 80, 74, 47, 4, 77, 28, 22, 85, 37, 25, 12, 40, 10, 88, 57, 56, 41, 50, 84, 86, 71, 38, 58, 52, 85, 92, 37, 22, 61, 119, 36, 41, 28, 84, 70, 64, 79, 63, 105, 93, 24, 25, 37, 75, 60, 81, 34, 8, 78, 55, 84, 46, 30, 113, 96, 12, 40, 77, 13, 52, 62, 54, 24, 35, 101, 73, 72, 24, 69, 78, 100, 52, 78, 82, 54, 83, 68, 16, 67, 0, 94, 64, 57, 99, 77]
[41, 45, 47, 56, 15, 41, 63, 61, 58, 93, 24, 74, 13, 24, 103, 73, 8, 38, 96, 64, 31, 36, 98, 70, 44, 50, 53, 21, 21, 87, 57, 93, 45, 99, 76, 53, 87, 88, 30, 50, 33, 78, 68, 46, 70, 41, 59, 29, 61, 53, 29, 27, 30, 48, 81, 49, 62, 58, 25, 50, 54, 48, 74, 68, 39, 62, 55, 41, 64, 93, 58, 70, 82, 85, 57, 70, 84, 57, 103, 70, 77, 40, 53, 44, 52, 41, 63, 57, 46, 60, 38, 27, 59, 72, 69, 33, 77, 59, 76, 29, 60, 54, 76, 86, 16, 34, 83, 69, 63, 61, 35, 18, 61, 86, 55, 57, 25, 60, 64, 29, 40, 87, 54, 70, 87, 75, 39, 51, 73, 81, 18, 37, 52, 70, 25, 33, 20, 77, 60, 12, 40, 18, 42, 90, 87, 94, 0, 57, 85, 7, 24]
[49, 73, 40, 62, 57, 83, 38, 47, 25, 114, 64, 33, 49, 39, 67, 29, 61, 54, 62, 28, 27, 65, 69, 57, 94, 50, 29, 77, 77, 58, 90, 70, 45, 68, 69, 6, 54, 106, 79, 48, 77, 84, 27, 18, 88, 57, 37, 27, 65, 82, 35, 46, 26, 22, 76, 9, 85, 45, 73, 15, 7, 19, 102, 87, 95, 88, 16, 70, 68, 65, 85, 36, 43, 108, 43, 52, 60, 52, 70, 100, 87, 46, 45, 39, 21, 26, 85, 34, 60, 69, 27, 38, 52, 48, 83, 89, 73, 56, 36, 69, 8, 2, 99, 96, 72, 79, 69, 48, 57, 86, 31, 57, 35, 56, 14, 68, 34, 63, 44, 85, 85, 65, 42, 93, 51, 81, 21, 61, 56, 74, 73, 66, 77, 48, 39, 67, 74, 83, 87, 49, 42, 39, 15, 71, 99, 64, 57, 0, 92, 63, 33]
[49, 42, 53, 32, 71, 59, 56, 46, 113, 28, 63, 71, 74, 70, 69, 76, 78, 48, 63, 69, 89, 49, 55, 37, 74, 43, 113, 84, 94, 53, 43, 46, 49, 58, 26, 86, 60, 20, 70, 45, 63, 8, 72, 100, 19, 45, 56, 85, 28, 39, 98, 61, 83, 70, 21, 84, 29, 48, 69, 101, 96, 102, 35, 21, 90, 31, 105, 46, 24, 53, 35, 63, 69, 30, 49, 44, 48, 40, 64, 37, 8, 52, 47, 54, 107, 102, 27, 59, 40, 26, 100, 99, 40, 50, 17, 96, 22, 36, 70, 60, 100, 91, 26, 6, 88, 63, 33, 48, 35, 32, 67, 67, 59, 57, 103, 28, 91, 29, 50, 88, 63, 45, 49, 27, 64, 11, 77, 36, 41, 22, 81, 49, 36, 49, 69, 54, 79, 9, 34, 75, 55, 85, 86, 41, 10, 57, 85, 92, 0, 87, 83]
[45, 46, 52, 60, 17, 39, 69, 66, 64, 94, 25, 80, 19, 30, 109, 79, 9, 42, 102, 70, 37, 38, 103, 75, 40, 55, 58, 15, 14, 92, 56, 98, 50, 104, 80, 60, 93, 89, 27, 55, 31, 81, 74, 52, 72, 44, 65, 36, 65, 53, 35, 32, 37, 55, 85, 56, 63, 63, 23, 57, 60, 54, 73, 70, 33, 63, 61, 42, 67, 98, 59, 76, 89, 85, 63, 76, 89, 62, 109, 70, 79, 44, 59, 50, 58, 47, 64, 63, 49, 63, 44, 32, 64, 78, 71, 26, 81, 64, 82, 29, 66, 61, 76, 88, 9, 32, 88, 74, 67, 61, 42, 21, 67, 92, 62, 60, 31, 64, 69, 23, 37, 92, 59, 70, 93, 78, 45, 54, 78, 84, 13, 38, 53, 76, 31, 34, 15, 80, 60, 18, 45, 24, 48, 95, 89, 99, 7, 63, 87, 0, 30]
[34, 51, 33, 51, 26, 55, 46, 47, 38, 98, 35, 53, 17, 13, 85, 51, 28, 35, 78, 43, 9, 41, 81, 58, 63, 41, 35, 44, 44, 70, 66, 79, 35, 82, 67, 30, 69, 91, 48, 40, 48, 75, 47, 25, 72, 39, 42, 6, 55, 60, 16, 23, 7, 27, 73, 26, 66, 44, 42, 28, 30, 27, 82, 71, 62, 68, 33, 47, 59, 77, 64, 51, 62, 91, 43, 56, 69, 47, 86, 79, 76, 31, 41, 31, 32, 22, 67, 40, 44, 57, 19, 16, 48, 56, 69, 56, 69, 50, 55, 41, 36, 31, 81, 85, 39, 50, 72, 54, 53, 66, 18, 28, 43, 69, 33, 55, 9, 54, 49, 52, 56, 73, 40, 75, 68, 72, 16, 47, 60, 72, 40, 42, 57, 55, 14, 41, 41, 74, 67, 17, 29, 6, 18, 77, 87, 77, 24, 33, 83, 30, 0]
