Location coordinates of network setup:
[(0, 0), (35, -41), (4, -15), (19, -38), (32, 3), (-39, -24), (-27, 10), (-22, -38), (8, -15), (5, 45), (47, -18), (24, 20), (-26, 47), (-33, 26), (-34, -17), (27, -26)]

Depot Index: 0

Customer node indices: [1, 2, 3, 4, 5, 6, 7, 8, 9, 10]

Charging station indices: [11, 12, 13, 14, 15]

Random service times: [0, 11, 15, 10, 11, 13, 14, 15, 15, 10, 11, 0, 0, 0, 0, 0]

Time Windows: [(0, 1000), (15, 500), (45, 500), (43, 500), (25, 500), (39, 500), (30, 500), (47, 500), (34, 500), (42, 500), (42, 500), (0, 1000), (0, 1000), (0, 1000), (0, 1000), (0, 1000)]

Demands: [0, 10, 9, 9, 2, 3, 2, 4, 9, 6, 7, 0, 0, 0, 0, 0]

Vehicle Capacities: [29, 28, 28, 28]

Battery Capacities: [100, 100, 100, 100]

Distance Matrix:
[0, 54, 16, 42, 32, 46, 29, 44, 17, 45, 50, 31, 54, 42, 38, 37]
[54, 0, 40, 16, 44, 76, 80, 57, 37, 91, 26, 62, 107, 95, 73, 17]
[16, 40, 0, 27, 33, 44, 40, 35, 4, 60, 43, 40, 69, 55, 38, 25]
[42, 16, 27, 0, 43, 60, 66, 41, 25, 84, 34, 58, 96, 82, 57, 14]
[32, 44, 33, 43, 0, 76, 59, 68, 30, 50, 26, 19, 73, 69, 69, 29]
[46, 76, 44, 60, 76, 0, 36, 22, 48, 82, 86, 77, 72, 50, 9, 66]
[29, 80, 40, 66, 59, 36, 0, 48, 43, 47, 79, 52, 37, 17, 28, 65]
[44, 57, 35, 41, 68, 22, 48, 0, 38, 87, 72, 74, 85, 65, 24, 50]
[17, 37, 4, 25, 30, 48, 43, 38, 0, 60, 39, 38, 71, 58, 42, 22]
[45, 91, 60, 84, 50, 82, 47, 87, 60, 0, 76, 31, 31, 42, 73, 74]
[50, 26, 43, 34, 26, 86, 79, 72, 39, 76, 0, 44, 98, 91, 81, 22]
[31, 62, 40, 58, 19, 77, 52, 74, 38, 31, 44, 0, 57, 57, 69, 46]
[54, 107, 69, 96, 73, 72, 37, 85, 71, 31, 98, 57, 0, 22, 64, 90]
[42, 95, 55, 82, 69, 50, 17, 65, 58, 42, 91, 57, 22, 0, 43, 79]
[38, 73, 38, 57, 69, 9, 28, 24, 42, 73, 81, 69, 64, 43, 0, 62]
[37, 17, 25, 14, 29, 66, 65, 50, 22, 74, 22, 46, 90, 79, 62, 0]
