Location coordinates of network setup:
[(0, 0), (-1, 1), (-35, 28), (-37, -27), (12, -19), (7, 32), (14, -28), (18, -1), (3, 6), (-10, -50), (8, 7), (23, -18), (-39, -46), (16, -42), (20, -50), (34, 26), (34, 39), (-49, 26), (-27, -29), (-39, -9), (-33, 19), (7, -17), (-24, -13), (41, 44), (33, -17), (-5, -36), (-41, 46), (39, -25), (29, 16), (-31, -37), (1, -4), (-40, 44), (-35, 37), (40, -19), (40, 0), (26, 26), (30, -14), (28, -6), (18, -28), (-31, 16), (6, 15), (-41, -7), (41, 45), (-30, 14), (-10, -31), (20, 34), (-7, -12), (30, -45), (-16, 47), (3, -45), (2, 28), (-6, 48), (-21, -22), (-27, 42), (34, 49), (0, -27), (28, 32), (-12, -49), (-47, 29), (-30, 9), (-11, 11), (-10, -3), (-42, 44), (2, 50), (-16, -11), (46, -31), (-35, 14), (-27, -16), (46, 31), (18, 36), (40, -49), (39, -22), (11, -34), (-9, 37), (-8, 6), (34, 5)]

Depot Index: 0

Customer node indices: [1, 2, 3, 4, 5, 6, 7, 8, 9, 10, 11, 12, 13, 14, 15, 16, 17, 18, 19, 20, 21, 22, 23, 24, 25, 26, 27, 28, 29, 30, 31, 32, 33, 34, 35, 36, 37, 38, 39, 40, 41, 42, 43, 44, 45, 46, 47, 48, 49, 50]

Charging station indices: [51, 52, 53, 54, 55, 56, 57, 58, 59, 60, 61, 62, 63, 64, 65, 66, 67, 68, 69, 70, 71, 72, 73, 74, 75]

Random service times: [0, 14, 11, 15, 11, 14, 11, 15, 12, 14, 10, 14, 10, 11, 13, 10, 10, 13, 14, 12, 11, 13, 10, 10, 10, 13, 14, 11, 10, 12, 15, 10, 15, 11, 13, 11, 15, 13, 15, 10, 10, 10, 11, 14, 15, 10, 11, 14, 15, 12, 13, 0, 0, 0, 0, 0, 0, 0, 0, 0, 0, 0, 0, 0, 0, 0, 0, 0, 0, 0, 0, 0, 0, 0, 0, 0]

Time Windows: [(0, 1000), (18, 500), (37, 500), (8, 500), (10, 500), (33, 500), (42, 500), (12, 500), (7, 500), (18, 500), (1, 500), (0, 500), (12, 500), (9, 500), (9, 500), (6, 500), (49, 500), (10, 500), (14, 500), (48, 500), (16, 500), (14, 500), (5, 500), (25, 500), (26, 500), (32, 500), (40, 500), (21, 500), (17, 500), (45, 500), (15, 500), (10, 500), (32, 500), (47, 500), (50, 500), (5, 500), (18, 500), (10, 500), (44, 500), (25, 500), (18, 500), (19, 500), (48, 500), (45, 500), (20, 500), (22, 500), (9, 500), (22, 500), (25, 500), (32, 500), (8, 500), (0, 1000), (0, 1000), (0, 1000), (0, 1000), (0, 1000), (0, 1000), (0, 1000), (0, 1000), (0, 1000), (0, 1000), (0, 1000), (0, 1000), (0, 1000), (0, 1000), (0, 1000), (0, 1000), (0, 1000), (0, 1000), (0, 1000), (0, 1000), (0, 1000), (0, 1000), (0, 1000), (0, 1000), (0, 1000)]

Demands: [0, 1, 9, 1, 4, 8, 3, 9, 3, 3, 1, 6, 7, 8, 10, 9, 6, 9, 9, 9, 4, 10, 1, 9, 6, 5, 6, 7, 5, 5, 8, 8, 7, 9, 4, 4, 4, 1, 8, 3, 10, 9, 6, 1, 10, 8, 2, 4, 1, 3, 8, 0, 0, 0, 0, 0, 0, 0, 0, 0, 0, 0, 0, 0, 0, 0, 0, 0, 0, 0, 0, 0, 0, 0, 0, 0]

Vehicle Capacities: [28, 29, 25, 28, 29, 25, 29, 27, 29, 27, 26, 28, 25, 25, 28, 25, 28, 25, 25, 26]

Battery Capacities: [100, 100, 100, 100, 100, 100, 100, 100, 100, 100, 100, 100, 100, 100, 100, 100, 100, 100, 100, 100]

Distance Matrix:
[0, 1, 45, 46, 22, 33, 31, 18, 7, 51, 11, 29, 60, 45, 54, 43, 52, 55, 40, 40, 38, 18, 27, 60, 37, 36, 62, 46, 33, 48, 4, 59, 51, 44, 40, 37, 33, 29, 33, 35, 16, 42, 61, 33, 33, 39, 14, 54, 50, 45, 28, 48, 30, 50, 60, 27, 43, 50, 55, 31, 16, 10, 61, 50, 19, 55, 38, 31, 55, 40, 63, 45, 36, 38, 10, 34]
[1, 0, 43, 46, 24, 32, 33, 19, 6, 52, 11, 31, 60, 46, 55, 43, 52, 54, 40, 39, 37, 20, 27, 60, 38, 37, 60, 48, 34, 48, 5, 58, 50, 46, 41, 37, 34, 30, 35, 34, 16, 41, 61, 32, 33, 39, 14, 55, 48, 46, 27, 47, 30, 49, 59, 28, 42, 51, 54, 30, 14, 10, 59, 49, 19, 57, 36, 31, 56, 40, 65, 46, 37, 37, 9, 35]
[45, 43, 0, 55, 66, 42, 74, 60, 44, 82, 48, 74, 74, 87, 95, 69, 70, 14, 58, 37, 9, 62, 42, 78, 82, 71, 19, 91, 65, 65, 48, 17, 9, 89, 80, 61, 77, 72, 77, 13, 43, 36, 78, 15, 64, 55, 49, 98, 27, 82, 37, 35, 52, 16, 72, 65, 63, 80, 12, 20, 29, 40, 17, 43, 43, 100, 14, 45, 81, 54, 107, 89, 77, 28, 35, 73]
[46, 46, 55, 0, 50, 74, 51, 61, 52, 35, 56, 61, 19, 55, 61, 89, 97, 54, 10, 18, 46, 45, 19, 105, 71, 33, 73, 76, 79, 12, 44, 71, 64, 77, 82, 82, 68, 68, 55, 43, 60, 20, 106, 42, 27, 83, 34, 69, 77, 44, 67, 81, 17, 70, 104, 37, 88, 33, 57, 37, 46, 36, 71, 86, 26, 83, 41, 15, 101, 84, 80, 76, 49, 70, 44, 78]
[22, 24, 66, 50, 0, 51, 9, 19, 27, 38, 26, 11, 58, 23, 32, 50, 62, 76, 40, 52, 59, 5, 36, 69, 21, 24, 84, 28, 39, 47, 19, 82, 73, 28, 34, 47, 19, 21, 11, 55, 35, 54, 70, 53, 25, 54, 20, 32, 72, 28, 48, 69, 33, 72, 71, 14, 53, 38, 76, 50, 38, 27, 83, 70, 29, 36, 57, 39, 60, 55, 41, 27, 15, 60, 32, 33]
[33, 32, 42, 74, 51, 0, 60, 35, 26, 84, 25, 52, 91, 75, 83, 28, 28, 56, 70, 62, 42, 49, 55, 36, 55, 69, 50, 65, 27, 79, 36, 49, 42, 61, 46, 20, 51, 43, 61, 41, 17, 62, 36, 41, 65, 13, 46, 80, 27, 77, 6, 21, 61, 35, 32, 59, 21, 83, 54, 44, 28, 39, 50, 19, 49, 74, 46, 59, 39, 12, 87, 63, 66, 17, 30, 38]
[31, 33, 74, 51, 9, 60, 0, 27, 36, 33, 36, 13, 56, 14, 23, 58, 70, 83, 41, 56, 66, 13, 41, 77, 22, 21, 92, 25, 46, 46, 27, 90, 81, 28, 38, 55, 21, 26, 4, 63, 44, 59, 78, 61, 24, 62, 26, 23, 81, 20, 57, 79, 36, 81, 80, 14, 62, 33, 83, 57, 46, 35, 91, 79, 34, 32, 65, 43, 67, 64, 33, 26, 7, 69, 40, 39]
[18, 19, 60, 61, 19, 35, 27, 0, 17, 56, 13, 18, 73, 41, 49, 31, 43, 72, 53, 58, 55, 19, 44, 51, 22, 42, 75, 32, 20, 61, 17, 73, 65, 28, 22, 28, 18, 11, 27, 52, 20, 59, 51, 50, 41, 35, 27, 46, 59, 46, 33, 55, 44, 62, 52, 32, 34, 57, 72, 49, 31, 28, 75, 53, 35, 41, 55, 47, 43, 37, 53, 30, 34, 47, 27, 17]
[7, 6, 44, 52, 27, 26, 36, 17, 0, 57, 5, 31, 67, 50, 59, 37, 45, 56, 46, 45, 38, 23, 33, 54, 38, 43, 59, 48, 28, 55, 10, 57, 49, 45, 37, 30, 34, 28, 37, 35, 9, 46, 54, 34, 39, 33, 21, 58, 45, 51, 22, 43, 37, 47, 53, 33, 36, 57, 55, 33, 15, 16, 59, 44, 25, 57, 39, 37, 50, 34, 66, 46, 41, 33, 11, 31]
[51, 52, 82, 35, 38, 84, 33, 56, 57, 0, 60, 46, 29, 27, 30, 88, 99, 85, 27, 50, 73, 37, 40, 107, 54, 15, 101, 55, 77, 25, 47, 99, 91, 59, 71, 84, 54, 58, 36, 69, 67, 53, 108, 67, 19, 89, 38, 40, 97, 14, 79, 98, 30, 94, 108, 25, 90, 2, 87, 62, 61, 47, 99, 101, 39, 59, 69, 38, 98, 90, 50, 56, 26, 87, 56, 70]
[11, 11, 48, 56, 26, 25, 36, 13, 5, 60, 0, 29, 71, 50, 58, 32, 41, 60, 50, 50, 43, 24, 38, 50, 35, 45, 63, 45, 23, 59, 13, 61, 52, 41, 33, 26, 30, 24, 36, 40, 8, 51, 50, 39, 42, 30, 24, 56, 47, 52, 22, 43, 41, 49, 49, 35, 32, 59, 59, 38, 19, 21, 62, 43, 30, 54, 44, 42, 45, 31, 64, 42, 41, 34, 16, 26]
[29, 31, 74, 61, 11, 52, 13, 18, 31, 46, 29, 0, 68, 25, 32, 45, 58, 84, 51, 63, 67, 16, 47, 65, 10, 33, 91, 17, 35, 57, 26, 88, 80, 17, 25, 44, 8, 13, 11, 64, 37, 65, 66, 62, 35, 52, 31, 28, 76, 34, 51, 72, 44, 78, 68, 25, 50, 47, 84, 59, 45, 36, 90, 71, 40, 26, 66, 50, 54, 54, 35, 16, 20, 64, 39, 25]
[60, 60, 74, 19, 58, 91, 56, 73, 67, 29, 71, 68, 0, 55, 59, 103, 112, 73, 21, 37, 65, 54, 36, 120, 78, 35, 92, 81, 92, 12, 58, 90, 83, 83, 91, 97, 76, 78, 60, 63, 76, 39, 121, 61, 33, 99, 47, 69, 96, 42, 85, 100, 30, 89, 120, 43, 103, 27, 75, 56, 64, 52, 90, 104, 42, 86, 60, 32, 115, 100, 79, 82, 51, 88, 61, 89]
[45, 46, 87, 55, 23, 75, 14, 41, 50, 27, 50, 25, 55, 0, 9, 70, 83, 94, 45, 64, 78, 27, 49, 90, 30, 22, 105, 29, 59, 47, 41, 103, 94, 33, 48, 69, 31, 38, 14, 75, 58, 67, 91, 72, 28, 76, 38, 14, 95, 13, 71, 93, 42, 94, 93, 22, 75, 29, 95, 69, 59, 47, 104, 93, 45, 32, 76, 50, 79, 78, 25, 30, 9, 83, 54, 50]
[54, 55, 95, 61, 32, 83, 23, 49, 59, 30, 58, 32, 59, 9, 0, 77, 90, 103, 51, 72, 87, 35, 57, 96, 35, 29, 114, 31, 67, 53, 50, 112, 103, 37, 54, 76, 37, 45, 22, 83, 66, 75, 97, 81, 36, 84, 47, 11, 103, 18, 80, 101, 50, 103, 100, 30, 82, 32, 104, 77, 68, 56, 113, 102, 53, 32, 84, 58, 85, 86, 20, 34, 18, 92, 63, 57]
[43, 43, 69, 89, 50, 28, 58, 31, 37, 88, 32, 45, 103, 70, 77, 0, 13, 83, 82, 81, 67, 51, 70, 19, 43, 73, 78, 51, 11, 91, 45, 76, 70, 45, 27, 8, 40, 33, 56, 66, 30, 82, 20, 65, 72, 16, 56, 71, 54, 77, 32, 46, 73, 63, 23, 63, 8, 88, 81, 66, 47, 53, 78, 40, 62, 58, 70, 74, 13, 19, 75, 48, 64, 44, 47, 21]
[52, 52, 70, 97, 62, 28, 70, 43, 45, 99, 41, 58, 112, 83, 90, 13, 0, 84, 91, 87, 70, 62, 78, 9, 56, 85, 75, 64, 24, 100, 54, 74, 69, 58, 39, 15, 53, 45, 69, 69, 37, 88, 9, 69, 83, 15, 65, 84, 51, 90, 34, 41, 82, 61, 10, 74, 9, 99, 82, 71, 53, 61, 76, 34, 71, 71, 73, 82, 14, 16, 88, 61, 77, 43, 53, 34]
[55, 54, 14, 54, 76, 56, 83, 72, 56, 85, 60, 84, 73, 94, 103, 83, 84, 0, 59, 36, 17, 71, 46, 92, 93, 76, 22, 102, 79, 66, 58, 20, 18, 100, 93, 75, 89, 83, 86, 21, 56, 34, 92, 22, 69, 69, 57, 106, 39, 88, 51, 48, 56, 27, 86, 72, 77, 84, 4, 25, 41, 49, 19, 56, 50, 111, 18, 47, 95, 68, 116, 100, 85, 41, 46, 86]
[40, 40, 58, 10, 40, 70, 41, 53, 46, 27, 50, 51, 21, 45, 51, 82, 91, 59, 0, 23, 48, 36, 16, 100, 61, 23, 76, 66, 72, 9, 38, 74, 66, 68, 73, 76, 59, 60, 45, 45, 55, 26, 100, 43, 17, 79, 26, 59, 77, 34, 64, 80, 9, 71, 99, 27, 82, 25, 61, 38, 43, 31, 75, 84, 21, 73, 44, 13, 94, 79, 70, 66, 38, 68, 40, 70]
[40, 39, 37, 18, 52, 62, 56, 58, 45, 50, 50, 63, 37, 64, 72, 81, 87, 36, 23, 0, 29, 47, 16, 96, 72, 43, 55, 80, 72, 29, 40, 53, 46, 80, 80, 74, 69, 67, 60, 26, 51, 3, 97, 25, 36, 73, 32, 78, 61, 55, 55, 66, 22, 52, 93, 43, 79, 48, 39, 20, 34, 30, 53, 72, 23, 88, 23, 14, 94, 73, 89, 79, 56, 55, 34, 74]
[38, 37, 9, 46, 59, 42, 66, 55, 38, 73, 43, 67, 65, 78, 87, 67, 70, 17, 48, 29, 0, 54, 33, 78, 75, 62, 28, 84, 62, 56, 41, 26, 18, 82, 75, 59, 71, 66, 69, 4, 39, 27, 78, 6, 55, 55, 40, 90, 33, 73, 36, 40, 43, 24, 73, 57, 62, 71, 17, 10, 23, 32, 27, 47, 34, 93, 5, 36, 80, 54, 100, 83, 69, 30, 28, 68]
[18, 20, 62, 45, 5, 49, 13, 19, 23, 37, 24, 16, 54, 27, 35, 51, 62, 71, 36, 47, 54, 0, 31, 70, 26, 22, 79, 33, 40, 43, 14, 77, 68, 33, 37, 47, 23, 24, 16, 50, 32, 49, 71, 48, 22, 53, 15, 36, 68, 28, 45, 66, 28, 68, 71, 12, 53, 37, 71, 45, 33, 22, 78, 67, 24, 41, 52, 34, 62, 54, 46, 32, 17, 56, 27, 35]
[27, 27, 42, 19, 36, 55, 41, 44, 33, 40, 38, 47, 36, 49, 57, 70, 78, 46, 16, 16, 33, 31, 0, 86, 57, 30, 61, 64, 60, 25, 27, 59, 51, 64, 65, 63, 54, 52, 45, 30, 41, 18, 87, 28, 23, 64, 17, 63, 61, 42, 49, 64, 9, 55, 85, 28, 69, 38, 48, 23, 27, 17, 60, 68, 8, 72, 29, 4, 83, 65, 73, 64, 41, 52, 25, 61]
[60, 60, 78, 105, 69, 36, 77, 51, 54, 107, 50, 65, 120, 90, 96, 19, 9, 92, 100, 96, 78, 70, 86, 0, 62, 92, 82, 69, 30, 108, 62, 81, 76, 63, 44, 23, 59, 52, 76, 77, 45, 97, 1, 77, 91, 23, 74, 90, 57, 97, 42, 47, 91, 68, 9, 82, 18, 107, 89, 79, 62, 69, 83, 39, 79, 75, 82, 91, 14, 24, 93, 66, 84, 50, 62, 40]
[37, 38, 82, 71, 21, 55, 22, 22, 38, 54, 35, 10, 78, 30, 35, 43, 56, 93, 61, 72, 75, 26, 57, 62, 0, 42, 97, 10, 33, 67, 35, 95, 87, 7, 18, 44, 4, 12, 19, 72, 42, 75, 63, 70, 45, 53, 40, 28, 81, 41, 55, 76, 54, 84, 66, 34, 49, 55, 92, 68, 52, 45, 97, 74, 49, 19, 75, 60, 50, 55, 33, 8, 28, 68, 47, 22]
[36, 37, 71, 33, 24, 69, 21, 42, 43, 15, 45, 33, 35, 22, 29, 73, 85, 76, 23, 43, 62, 22, 30, 92, 42, 0, 90, 45, 62, 26, 33, 87, 79, 48, 58, 69, 41, 45, 24, 58, 52, 46, 93, 56, 7, 74, 24, 36, 84, 12, 64, 84, 21, 81, 94, 10, 76, 15, 77, 51, 47, 33, 88, 86, 27, 51, 58, 30, 84, 76, 47, 46, 16, 73, 42, 57]
[62, 60, 19, 73, 84, 50, 92, 75, 59, 101, 63, 91, 92, 105, 114, 78, 75, 22, 76, 55, 28, 79, 61, 82, 97, 90, 0, 107, 76, 84, 65, 2, 11, 104, 93, 70, 93, 86, 95, 32, 56, 53, 82, 34, 83, 62, 67, 115, 25, 101, 47, 35, 71, 15, 75, 84, 70, 99, 18, 39, 46, 58, 2, 43, 62, 116, 33, 64, 88, 60, 125, 105, 95, 33, 52, 85]
[46, 48, 91, 76, 28, 65, 25, 32, 48, 55, 45, 17, 81, 29, 31, 51, 64, 102, 66, 80, 84, 33, 64, 69, 10, 45, 107, 0, 42, 71, 43, 105, 97, 6, 25, 53, 14, 22, 21, 81, 52, 82, 70, 79, 49, 62, 48, 22, 91, 41, 65, 86, 60, 94, 74, 39, 58, 56, 102, 77, 62, 54, 106, 84, 57, 9, 84, 67, 56, 65, 24, 3, 29, 78, 56, 30]
[33, 34, 65, 79, 39, 27, 46, 20, 28, 77, 23, 35, 92, 59, 67, 11, 24, 79, 72, 72, 62, 40, 60, 30, 33, 62, 76, 42, 0, 80, 34, 74, 67, 37, 19, 10, 30, 22, 45, 60, 23, 74, 31, 59, 61, 20, 46, 61, 55, 66, 30, 47, 63, 62, 33, 52, 16, 77, 77, 59, 40, 43, 76, 43, 52, 50, 64, 64, 23, 23, 66, 39, 53, 43, 38, 12]
[48, 48, 65, 12, 47, 79, 46, 61, 55, 25, 59, 57, 12, 47, 53, 91, 100, 66, 9, 29, 56, 43, 25, 108, 67, 26, 84, 71, 80, 0, 46, 81, 74, 73, 80, 85, 65, 67, 50, 53, 64, 32, 109, 51, 22, 87, 35, 62, 85, 35, 73, 89, 18, 79, 108, 33, 91, 22, 68, 46, 52, 40, 82, 93, 30, 77, 51, 21, 103, 88, 72, 72, 42, 77, 49, 77]
[4, 5, 48, 44, 19, 36, 27, 17, 10, 47, 13, 26, 58, 41, 50, 45, 54, 58, 38, 40, 41, 14, 27, 62, 35, 33, 65, 43, 34, 46, 0, 63, 55, 42, 39, 39, 31, 27, 29, 38, 20, 42, 63, 36, 29, 42, 11, 50, 54, 41, 32, 52, 28, 54, 62, 23, 45, 47, 58, 34, 19, 11, 64, 54, 18, 52, 40, 30, 57, 43, 60, 42, 32, 42, 13, 34]
[59, 58, 17, 71, 82, 49, 90, 73, 57, 99, 61, 88, 90, 103, 112, 76, 74, 20, 74, 53, 26, 77, 59, 81, 95, 87, 2, 105, 74, 81, 63, 0, 9, 102, 91, 68, 91, 84, 92, 29, 54, 51, 81, 32, 81, 61, 65, 113, 24, 99, 45, 34, 69, 13, 74, 81, 69, 97, 17, 36, 44, 56, 2, 42, 60, 114, 30, 61, 87, 59, 123, 103, 93, 32, 50, 84]
[51, 50, 9, 64, 73, 42, 81, 65, 49, 91, 52, 80, 83, 94, 103, 70, 69, 18, 66, 46, 18, 68, 51, 76, 87, 79, 11, 97, 67, 74, 55, 9, 0, 94, 84, 62, 83, 76, 84, 21, 47, 44, 76, 24, 72, 55, 56, 105, 21, 90, 38, 31, 61, 9, 70, 73, 63, 89, 14, 28, 35, 47, 10, 39, 52, 106, 23, 54, 81, 53, 114, 95, 85, 26, 41, 76]
[44, 46, 89, 77, 28, 61, 28, 28, 45, 59, 41, 17, 83, 33, 37, 45, 58, 100, 68, 80, 82, 33, 64, 63, 7, 48, 104, 6, 37, 73, 42, 102, 94, 0, 19, 47, 11, 18, 24, 79, 48, 82, 64, 77, 51, 57, 48, 28, 87, 45, 60, 81, 61, 91, 68, 41, 52, 60, 99, 75, 59, 52, 103, 79, 57, 13, 82, 67, 50, 59, 30, 3, 33, 74, 54, 25]
[40, 41, 80, 82, 34, 46, 38, 22, 37, 71, 33, 25, 91, 48, 54, 27, 39, 93, 73, 80, 75, 37, 65, 44, 18, 58, 93, 25, 19, 80, 39, 91, 84, 19, 0, 30, 17, 13, 36, 73, 37, 81, 45, 71, 59, 39, 49, 46, 73, 58, 47, 66, 65, 79, 49, 48, 34, 71, 92, 71, 52, 50, 93, 63, 57, 32, 76, 69, 32, 42, 49, 22, 45, 61, 48, 8]
[37, 37, 61, 82, 47, 20, 55, 28, 30, 84, 26, 44, 97, 69, 76, 8, 15, 75, 76, 74, 59, 47, 63, 23, 44, 69, 70, 53, 10, 85, 39, 68, 62, 47, 30, 0, 40, 32, 55, 58, 23, 75, 24, 57, 67, 10, 50, 71, 47, 75, 24, 39, 67, 55, 24, 59, 6, 84, 73, 59, 40, 46, 70, 34, 56, 60, 62, 68, 21, 13, 76, 50, 62, 37, 39, 22]
[33, 34, 77, 68, 19, 51, 21, 18, 34, 54, 30, 8, 76, 31, 37, 40, 53, 89, 59, 69, 71, 23, 54, 59, 4, 41, 93, 14, 30, 65, 31, 91, 83, 11, 17, 40, 0, 8, 18, 68, 38, 71, 60, 66, 43, 49, 37, 31, 76, 41, 50, 72, 52, 80, 63, 33, 46, 55, 88, 64, 48, 41, 92, 70, 46, 23, 71, 57, 48, 51, 36, 12, 28, 64, 43, 19]
[29, 30, 72, 68, 21, 43, 26, 11, 28, 58, 24, 13, 78, 38, 45, 33, 45, 83, 60, 67, 66, 24, 52, 52, 12, 45, 86, 22, 22, 67, 27, 84, 76, 18, 13, 32, 8, 0, 24, 63, 30, 69, 53, 61, 45, 41, 36, 39, 69, 46, 43, 64, 52, 73, 55, 35, 38, 59, 83, 60, 43, 38, 86, 62, 44, 31, 66, 56, 41, 43, 45, 19, 33, 57, 38, 13]
[33, 35, 77, 55, 11, 61, 4, 27, 37, 36, 36, 11, 60, 14, 22, 56, 69, 86, 45, 60, 69, 16, 45, 76, 19, 24, 95, 21, 45, 50, 29, 92, 84, 24, 36, 55, 18, 24, 0, 66, 45, 63, 77, 64, 28, 62, 30, 21, 82, 23, 58, 80, 39, 83, 79, 18, 61, 37, 86, 61, 49, 38, 94, 80, 38, 28, 68, 47, 65, 64, 30, 22, 9, 70, 43, 37]
[35, 34, 13, 43, 55, 41, 63, 52, 35, 69, 40, 64, 63, 75, 83, 66, 69, 21, 45, 26, 4, 50, 30, 77, 72, 58, 32, 81, 60, 53, 38, 29, 21, 79, 73, 58, 68, 63, 66, 0, 37, 25, 78, 2, 51, 54, 37, 86, 34, 70, 35, 41, 39, 26, 73, 53, 61, 68, 21, 7, 21, 28, 30, 47, 31, 90, 4, 32, 78, 53, 96, 80, 65, 30, 25, 66]
[16, 16, 43, 60, 35, 17, 44, 20, 9, 67, 8, 37, 76, 58, 66, 30, 37, 56, 55, 51, 39, 32, 41, 45, 42, 52, 56, 52, 23, 64, 20, 54, 47, 48, 37, 23, 38, 30, 45, 37, 0, 52, 46, 36, 49, 24, 30, 65, 39, 60, 14, 35, 46, 43, 44, 42, 28, 66, 55, 36, 17, 24, 56, 35, 34, 61, 41, 45, 43, 24, 72, 50, 49, 27, 17, 30]
[42, 41, 36, 20, 54, 62, 59, 59, 46, 53, 51, 65, 39, 67, 75, 82, 88, 34, 26, 3, 27, 49, 18, 97, 75, 46, 53, 82, 74, 32, 42, 51, 44, 82, 81, 75, 71, 69, 63, 25, 52, 0, 97, 24, 39, 73, 34, 81, 60, 58, 55, 65, 25, 51, 94, 46, 79, 51, 36, 19, 35, 31, 51, 71, 25, 90, 22, 17, 95, 73, 91, 81, 59, 54, 35, 76]
[61, 61, 78, 106, 70, 36, 78, 51, 54, 108, 50, 66, 121, 91, 97, 20, 9, 92, 100, 97, 78, 71, 87, 1, 63, 93, 82, 70, 31, 109, 63, 81, 76, 64, 45, 24, 60, 53, 77, 78, 46, 97, 0, 77, 92, 24, 75, 91, 57, 98, 43, 47, 91, 68, 8, 83, 18, 108, 89, 80, 62, 70, 83, 39, 80, 76, 82, 91, 15, 25, 94, 67, 85, 51, 63, 41]
[33, 32, 15, 42, 53, 41, 61, 50, 34, 67, 39, 62, 61, 72, 81, 65, 69, 22, 43, 25, 6, 48, 28, 77, 70, 56, 34, 79, 59, 51, 36, 32, 24, 77, 71, 57, 66, 61, 64, 2, 36, 24, 77, 0, 49, 54, 35, 84, 36, 68, 35, 42, 37, 28, 73, 51, 61, 66, 23, 5, 19, 26, 32, 48, 29, 88, 5, 30, 78, 53, 94, 78, 63, 31, 23, 65]
[33, 33, 64, 27, 25, 65, 24, 41, 39, 19, 42, 35, 33, 28, 36, 72, 83, 69, 17, 36, 55, 22, 23, 91, 45, 7, 83, 49, 61, 22, 29, 81, 72, 51, 59, 67, 43, 45, 28, 51, 49, 39, 92, 49, 0, 72, 19, 42, 78, 19, 60, 79, 14, 75, 91, 11, 74, 18, 70, 45, 42, 28, 82, 82, 21, 56, 51, 23, 84, 73, 53, 50, 21, 68, 37, 57]
[39, 39, 55, 83, 54, 13, 62, 35, 33, 89, 30, 52, 99, 76, 84, 16, 15, 69, 79, 73, 55, 53, 64, 23, 53, 74, 62, 62, 20, 87, 42, 61, 55, 57, 39, 10, 49, 41, 62, 54, 24, 73, 24, 54, 72, 0, 53, 80, 38, 81, 19, 30, 69, 48, 21, 64, 8, 89, 67, 56, 39, 48, 63, 24, 58, 70, 59, 69, 26, 3, 85, 59, 69, 29, 40, 32]
[14, 14, 49, 34, 20, 46, 26, 27, 21, 38, 24, 31, 47, 38, 47, 56, 65, 57, 26, 32, 40, 15, 17, 74, 40, 24, 67, 48, 46, 35, 11, 65, 56, 48, 49, 50, 37, 36, 30, 37, 30, 34, 75, 35, 19, 53, 0, 50, 60, 34, 41, 60, 17, 58, 73, 17, 56, 37, 57, 31, 23, 9, 66, 63, 9, 56, 38, 20, 68, 54, 60, 47, 28, 49, 18, 44]
[54, 55, 98, 69, 32, 80, 23, 46, 58, 40, 56, 28, 69, 14, 11, 71, 84, 106, 59, 78, 90, 36, 63, 90, 28, 36, 115, 22, 61, 62, 50, 113, 105, 28, 46, 71, 31, 39, 21, 86, 65, 81, 91, 84, 42, 80, 50, 0, 103, 27, 78, 100, 56, 104, 94, 35, 77, 42, 107, 81, 69, 58, 114, 99, 57, 21, 88, 64, 78, 82, 11, 25, 22, 91, 64, 50]
[50, 48, 27, 77, 72, 27, 81, 59, 45, 97, 47, 76, 96, 95, 103, 54, 51, 39, 77, 61, 33, 68, 61, 57, 81, 84, 25, 91, 55, 85, 54, 24, 21, 87, 73, 47, 76, 69, 82, 34, 39, 60, 57, 36, 78, 38, 60, 103, 0, 94, 26, 10, 69, 12, 50, 76, 46, 96, 36, 40, 36, 50, 26, 18, 58, 100, 38, 64, 64, 36, 111, 88, 85, 12, 42, 65]
[45, 46, 82, 44, 28, 77, 20, 46, 51, 14, 52, 34, 42, 13, 18, 77, 90, 88, 34, 55, 73, 28, 42, 97, 41, 12, 101, 41, 66, 35, 41, 99, 90, 45, 58, 75, 41, 46, 23, 70, 60, 58, 98, 68, 19, 81, 34, 27, 94, 0, 73, 93, 33, 92, 99, 18, 81, 16, 89, 63, 58, 44, 100, 95, 39, 45, 70, 42, 87, 82, 37, 43, 14, 83, 52, 59]
[28, 27, 37, 67, 48, 6, 57, 33, 22, 79, 22, 51, 85, 71, 80, 32, 34, 51, 64, 55, 36, 45, 49, 42, 55, 64, 47, 65, 30, 73, 32, 45, 38, 60, 47, 24, 50, 43, 58, 35, 14, 55, 43, 35, 60, 19, 41, 78, 26, 73, 0, 22, 55, 32, 38, 55, 26, 78, 49, 37, 21, 33, 47, 22, 43, 74, 40, 53, 44, 18, 86, 62, 63, 14, 24, 39]
[48, 47, 35, 81, 69, 21, 79, 55, 43, 98, 43, 72, 100, 93, 101, 46, 41, 48, 80, 66, 40, 66, 64, 47, 76, 84, 35, 86, 47, 89, 52, 34, 31, 81, 66, 39, 72, 64, 80, 41, 35, 65, 47, 42, 79, 30, 60, 100, 10, 93, 22, 0, 72, 22, 40, 75, 38, 97, 45, 46, 37, 51, 36, 8, 60, 95, 45, 67, 55, 27, 107, 83, 84, 11, 42, 59]
[30, 30, 52, 17, 33, 61, 36, 44, 37, 30, 41, 44, 30, 42, 50, 73, 82, 56, 9, 22, 43, 28, 9, 91, 54, 21, 71, 60, 63, 18, 28, 69, 61, 61, 65, 67, 52, 52, 39, 39, 46, 25, 91, 37, 14, 69, 17, 56, 69, 33, 55, 72, 0, 64, 90, 22, 73, 28, 57, 32, 34, 22, 69, 76, 12, 68, 39, 8, 85, 70, 67, 60, 34, 60, 31, 61]
[50, 49, 16, 70, 72, 35, 81, 62, 47, 94, 49, 78, 89, 94, 103, 63, 61, 27, 71, 52, 24, 68, 55, 68, 84, 81, 15, 94, 62, 79, 54, 13, 9, 91, 79, 55, 80, 73, 83, 26, 43, 51, 68, 28, 75, 48, 58, 104, 12, 92, 32, 22, 64, 0, 61, 74, 56, 92, 24, 33, 35, 48, 15, 30, 54, 103, 29, 58, 74, 45, 113, 92, 85, 19, 41, 71]
[60, 59, 72, 104, 71, 32, 80, 52, 53, 108, 49, 68, 120, 93, 100, 23, 10, 86, 99, 93, 73, 71, 85, 9, 66, 94, 75, 74, 33, 108, 62, 74, 70, 68, 49, 24, 63, 55, 79, 73, 44, 94, 8, 73, 91, 21, 73, 94, 50, 99, 38, 40, 90, 61, 0, 83, 18, 108, 83, 75, 59, 68, 76, 32, 78, 81, 77, 89, 22, 21, 98, 71, 86, 45, 60, 44]
[27, 28, 65, 37, 14, 59, 14, 32, 33, 25, 35, 25, 43, 22, 30, 63, 74, 72, 27, 43, 57, 12, 28, 82, 34, 10, 84, 39, 52, 33, 23, 81, 73, 41, 48, 59, 33, 35, 18, 53, 42, 46, 83, 51, 11, 64, 17, 35, 76, 18, 55, 75, 22, 74, 83, 0, 65, 25, 73, 47, 40, 26, 82, 77, 23, 46, 54, 29, 74, 66, 46, 39, 13, 65, 34, 47]
[43, 42, 63, 88, 53, 21, 62, 34, 36, 90, 32, 50, 103, 75, 82, 8, 9, 77, 82, 79, 62, 53, 69, 18, 49, 76, 70, 58, 16, 91, 45, 69, 63, 52, 34, 6, 46, 38, 61, 61, 28, 79, 18, 61, 74, 8, 56, 77, 46, 81, 26, 38, 73, 56, 18, 65, 0, 90, 75, 62, 44, 52, 71, 32, 62, 66, 66, 73, 18, 11, 82, 55, 68, 37, 44, 28]
[50, 51, 80, 33, 38, 83, 33, 57, 57, 2, 59, 47, 27, 29, 32, 88, 99, 84, 25, 48, 71, 37, 38, 107, 55, 15, 99, 56, 77, 22, 47, 97, 89, 60, 71, 84, 55, 59, 37, 68, 66, 51, 108, 66, 18, 89, 37, 42, 96, 16, 78, 97, 28, 92, 108, 25, 90, 0, 85, 61, 60, 46, 98, 100, 38, 61, 67, 36, 99, 90, 52, 58, 27, 86, 55, 71]
[55, 54, 12, 57, 76, 54, 83, 72, 55, 87, 59, 84, 75, 95, 104, 81, 82, 4, 61, 39, 17, 71, 48, 89, 92, 77, 18, 102, 77, 68, 58, 17, 14, 99, 92, 73, 88, 83, 86, 21, 55, 36, 89, 23, 70, 67, 57, 107, 36, 89, 49, 45, 57, 24, 83, 73, 75, 85, 0, 26, 40, 49, 16, 53, 51, 111, 19, 49, 93, 65, 117, 100, 86, 39, 45, 84]
[31, 30, 20, 37, 50, 44, 57, 49, 33, 62, 38, 59, 56, 69, 77, 66, 71, 25, 38, 20, 10, 45, 23, 79, 68, 51, 39, 77, 59, 46, 34, 36, 28, 75, 71, 59, 64, 60, 61, 7, 36, 19, 80, 5, 45, 56, 31, 81, 40, 63, 37, 46, 32, 33, 75, 47, 62, 61, 26, 0, 19, 23, 37, 52, 24, 86, 7, 25, 79, 55, 91, 76, 59, 35, 22, 64]
[16, 14, 29, 46, 38, 28, 46, 31, 15, 61, 19, 45, 64, 59, 68, 47, 53, 41, 43, 34, 23, 33, 27, 62, 52, 47, 46, 62, 40, 52, 19, 44, 35, 59, 52, 40, 48, 43, 49, 21, 17, 35, 62, 19, 42, 39, 23, 69, 36, 58, 21, 37, 34, 35, 59, 40, 44, 60, 40, 19, 0, 14, 45, 41, 23, 71, 24, 31, 60, 38, 79, 60, 50, 26, 6, 45]
[10, 10, 40, 36, 27, 39, 35, 28, 16, 47, 21, 36, 52, 47, 56, 53, 61, 49, 31, 30, 32, 22, 17, 69, 45, 33, 58, 54, 43, 40, 11, 56, 47, 52, 50, 46, 41, 38, 38, 28, 24, 31, 70, 26, 28, 48, 9, 58, 50, 44, 33, 51, 22, 48, 68, 26, 52, 46, 49, 23, 14, 0, 57, 54, 10, 63, 30, 21, 66, 48, 68, 53, 37, 40, 9, 45]
[61, 59, 17, 71, 83, 50, 91, 75, 59, 99, 62, 90, 90, 104, 113, 78, 76, 19, 75, 53, 27, 78, 60, 83, 97, 88, 2, 106, 76, 82, 64, 2, 10, 103, 93, 70, 92, 86, 94, 30, 56, 51, 83, 32, 82, 63, 66, 114, 26, 100, 47, 36, 69, 15, 76, 82, 71, 98, 16, 37, 45, 57, 0, 44, 61, 116, 31, 62, 89, 61, 124, 104, 94, 34, 51, 85]
[50, 49, 43, 86, 70, 19, 79, 53, 44, 101, 43, 71, 104, 93, 102, 40, 34, 56, 84, 72, 47, 67, 68, 39, 74, 86, 43, 84, 43, 93, 54, 42, 39, 79, 63, 34, 70, 62, 80, 47, 35, 71, 39, 48, 82, 24, 63, 99, 18, 95, 22, 8, 76, 30, 32, 77, 32, 100, 53, 52, 41, 54, 44, 0, 64, 92, 52, 72, 48, 21, 106, 81, 84, 17, 45, 55]
[19, 19, 43, 26, 29, 49, 34, 35, 25, 39, 30, 40, 42, 45, 53, 62, 71, 50, 21, 23, 34, 24, 8, 79, 49, 27, 62, 57, 52, 30, 18, 60, 52, 57, 57, 56, 46, 44, 38, 31, 34, 25, 80, 29, 21, 58, 9, 57, 58, 39, 43, 60, 12, 54, 78, 23, 62, 38, 51, 24, 23, 10, 61, 64, 0, 65, 31, 12, 75, 58, 68, 56, 35, 49, 19, 52]
[55, 57, 100, 83, 36, 74, 32, 41, 57, 59, 54, 26, 86, 32, 32, 58, 71, 111, 73, 88, 93, 41, 72, 75, 19, 51, 116, 9, 50, 77, 52, 114, 106, 13, 32, 60, 23, 31, 28, 90, 61, 90, 76, 88, 56, 70, 56, 21, 100, 45, 74, 95, 68, 103, 81, 46, 66, 61, 111, 86, 71, 63, 116, 92, 65, 0, 93, 75, 62, 73, 19, 11, 35, 87, 65, 38]
[38, 36, 14, 41, 57, 46, 65, 55, 39, 69, 44, 66, 60, 76, 84, 70, 73, 18, 44, 23, 5, 52, 29, 82, 75, 58, 33, 84, 64, 51, 40, 30, 23, 82, 76, 62, 71, 66, 68, 4, 41, 22, 82, 5, 51, 59, 38, 88, 38, 70, 40, 45, 39, 29, 77, 54, 66, 67, 19, 7, 24, 30, 31, 52, 31, 93, 0, 31, 83, 57, 98, 82, 66, 35, 28, 70]
[31, 31, 45, 15, 39, 59, 43, 47, 37, 38, 42, 50, 32, 50, 58, 74, 82, 47, 13, 14, 36, 34, 4, 91, 60, 30, 64, 67, 64, 21, 30, 61, 54, 67, 69, 68, 57, 56, 47, 32, 45, 17, 91, 30, 23, 69, 20, 64, 64, 42, 53, 67, 8, 58, 89, 29, 73, 36, 49, 25, 31, 21, 62, 72, 12, 75, 31, 0, 87, 69, 75, 66, 42, 56, 29, 65]
[55, 56, 81, 101, 60, 39, 67, 43, 50, 98, 45, 54, 115, 79, 85, 13, 14, 95, 94, 94, 80, 62, 83, 14, 50, 84, 88, 56, 23, 103, 57, 87, 81, 50, 32, 21, 48, 41, 65, 78, 43, 95, 15, 78, 84, 26, 68, 78, 64, 87, 44, 55, 85, 74, 22, 74, 18, 99, 93, 79, 60, 66, 89, 48, 75, 62, 83, 87, 0, 28, 80, 53, 74, 55, 60, 29]
[40, 40, 54, 84, 55, 12, 64, 37, 34, 90, 31, 54, 100, 78, 86, 19, 16, 68, 79, 73, 54, 54, 65, 24, 55, 76, 60, 65, 23, 88, 43, 59, 53, 59, 42, 13, 51, 43, 64, 53, 24, 73, 25, 53, 73, 3, 54, 82, 36, 82, 18, 27, 70, 45, 21, 66, 11, 90, 65, 55, 38, 48, 61, 21, 58, 73, 57, 69, 28, 0, 88, 62, 70, 27, 40, 35]
[63, 65, 107, 80, 41, 87, 33, 53, 66, 50, 64, 35, 79, 25, 20, 75, 88, 116, 70, 89, 100, 46, 73, 93, 33, 47, 125, 24, 66, 72, 60, 123, 114, 30, 49, 76, 36, 45, 30, 96, 72, 91, 94, 94, 53, 85, 60, 11, 111, 37, 86, 107, 67, 113, 98, 46, 82, 52, 117, 91, 79, 68, 124, 106, 68, 19, 98, 75, 80, 88, 0, 27, 33, 99, 73, 54]
[45, 46, 89, 76, 27, 63, 26, 30, 46, 56, 42, 16, 82, 30, 34, 48, 61, 100, 66, 79, 83, 32, 64, 66, 8, 46, 105, 3, 39, 72, 42, 103, 95, 3, 22, 50, 12, 19, 22, 80, 50, 81, 67, 78, 50, 59, 47, 25, 88, 43, 62, 83, 60, 92, 71, 39, 55, 58, 100, 76, 60, 53, 104, 81, 56, 11, 82, 66, 53, 62, 27, 0, 30, 76, 55, 27]
[36, 37, 77, 49, 15, 66, 7, 34, 41, 26, 41, 20, 51, 9, 18, 64, 77, 85, 38, 56, 69, 17, 41, 84, 28, 16, 95, 29, 53, 42, 32, 93, 85, 33, 45, 62, 28, 33, 9, 65, 49, 59, 85, 63, 21, 69, 28, 22, 85, 14, 63, 84, 34, 85, 86, 13, 68, 27, 86, 59, 50, 37, 94, 84, 35, 35, 66, 42, 74, 70, 33, 30, 0, 74, 44, 45]
[38, 37, 28, 70, 60, 17, 69, 47, 33, 87, 34, 64, 88, 83, 92, 44, 43, 41, 68, 55, 30, 56, 52, 50, 68, 73, 33, 78, 43, 77, 42, 32, 26, 74, 61, 37, 64, 57, 70, 30, 27, 54, 51, 31, 68, 29, 49, 91, 12, 83, 14, 11, 60, 19, 45, 65, 37, 86, 39, 35, 26, 40, 34, 17, 49, 87, 35, 56, 55, 27, 99, 76, 74, 0, 31, 54]
[10, 9, 35, 44, 32, 30, 40, 27, 11, 56, 16, 39, 61, 54, 63, 47, 53, 46, 40, 34, 28, 27, 25, 62, 47, 42, 52, 56, 38, 49, 13, 50, 41, 54, 48, 39, 43, 38, 43, 25, 17, 35, 63, 23, 37, 40, 18, 64, 42, 52, 24, 42, 31, 41, 60, 34, 44, 55, 45, 22, 6, 9, 51, 45, 19, 65, 28, 29, 60, 40, 73, 55, 44, 31, 0, 42]
[34, 35, 73, 78, 33, 38, 39, 17, 31, 70, 26, 25, 89, 50, 57, 21, 34, 86, 70, 74, 68, 35, 61, 40, 22, 57, 85, 30, 12, 77, 34, 84, 76, 25, 8, 22, 19, 13, 37, 66, 30, 76, 41, 65, 57, 32, 44, 50, 65, 59, 39, 59, 61, 71, 44, 47, 28, 71, 84, 64, 45, 45, 85, 55, 52, 38, 70, 65, 29, 35, 54, 27, 45, 54, 42, 0]
