Location coordinates of network setup:
[(0, 0), (-43, 19), (-18, -32), (-13, -6), (20, -43), (11, -20), (1, -30), (-14, -1), (-49, -36), (-26, 13), (36, -15), (-12, 12), (12, -6), (16, -31), (-47, -39), (-11, -23), (-45, 26), (-39, 47), (-45, 28), (42, -17), (-10, -20), (-41, -25), (-5, -49), (-35, -10), (-25, -17), (17, -3), (41, 30), (-1, -40), (11, 50), (-46, 24), (-5, -19)]

Depot Index: 0

Customer node indices: [1, 2, 3, 4, 5, 6, 7, 8, 9, 10, 11, 12, 13, 14, 15, 16, 17, 18, 19, 20]

Charging station indices: [21, 22, 23, 24, 25, 26, 27, 28, 29, 30]

Random service times: [0, 14, 12, 12, 13, 15, 13, 10, 14, 14, 13, 11, 11, 15, 10, 15, 12, 13, 10, 11, 13, 0, 0, 0, 0, 0, 0, 0, 0, 0, 0]

Time Windows: [(0, 1000), (23, 500), (27, 500), (26, 500), (41, 500), (45, 500), (10, 500), (43, 500), (36, 500), (47, 500), (33, 500), (19, 500), (37, 500), (36, 500), (41, 500), (36, 500), (15, 500), (0, 500), (29, 500), (32, 500), (17, 500), (0, 1000), (0, 1000), (0, 1000), (0, 1000), (0, 1000), (0, 1000), (0, 1000), (0, 1000), (0, 1000), (0, 1000)]

Demands: [0, 5, 5, 1, 1, 3, 8, 2, 9, 5, 9, 5, 9, 1, 7, 4, 1, 7, 5, 9, 4, 0, 0, 0, 0, 0, 0, 0, 0, 0, 0]

Vehicle Capacities: [25, 30, 27, 29, 25, 28, 27, 28]

Battery Capacities: [100, 100, 100, 100, 100, 100, 100, 100]

Distance Matrix:
[0, 47, 37, 14, 47, 23, 30, 14, 61, 29, 39, 17, 13, 35, 61, 25, 52, 61, 53, 45, 22, 48, 49, 36, 30, 17, 51, 40, 51, 52, 20]
[47, 0, 57, 39, 88, 67, 66, 35, 55, 18, 86, 32, 60, 77, 58, 53, 7, 28, 9, 92, 51, 44, 78, 30, 40, 64, 85, 72, 62, 6, 54]
[37, 57, 0, 26, 40, 31, 19, 31, 31, 46, 57, 44, 40, 34, 30, 11, 64, 82, 66, 62, 14, 24, 21, 28, 17, 45, 86, 19, 87, 63, 18]
[14, 39, 26, 0, 50, 28, 28, 5, 47, 23, 50, 18, 25, 38, 47, 17, 45, 59, 47, 56, 14, 34, 44, 22, 16, 30, 65, 36, 61, 45, 15]
[47, 88, 40, 50, 0, 25, 23, 54, 69, 72, 32, 64, 38, 13, 67, 37, 95, 108, 96, 34, 38, 64, 26, 64, 52, 40, 76, 21, 93, 94, 35]
[23, 67, 31, 28, 25, 0, 14, 31, 62, 50, 25, 39, 14, 12, 61, 22, 72, 84, 74, 31, 21, 52, 33, 47, 36, 18, 58, 23, 70, 72, 16]
[30, 66, 19, 28, 23, 14, 0, 33, 50, 51, 38, 44, 26, 15, 49, 14, 72, 87, 74, 43, 15, 42, 20, 41, 29, 31, 72, 10, 81, 72, 13]
[14, 35, 31, 5, 54, 31, 33, 0, 49, 18, 52, 13, 26, 42, 50, 22, 41, 54, 42, 58, 19, 36, 49, 23, 19, 31, 63, 41, 57, 41, 20]
[61, 55, 31, 47, 69, 62, 50, 49, 0, 54, 88, 61, 68, 65, 4, 40, 62, 84, 64, 93, 42, 14, 46, 30, 31, 74, 112, 48, 105, 60, 47]
[29, 18, 46, 23, 72, 50, 51, 18, 54, 0, 68, 14, 42, 61, 56, 39, 23, 36, 24, 74, 37, 41, 65, 25, 30, 46, 69, 59, 52, 23, 38]
[39, 86, 57, 50, 32, 25, 38, 52, 88, 68, 0, 55, 26, 26, 86, 48, 91, 97, 92, 6, 46, 78, 53, 71, 61, 22, 45, 45, 70, 91, 41]
[17, 32, 44, 18, 64, 39, 44, 13, 61, 14, 55, 0, 30, 51, 62, 35, 36, 44, 37, 61, 32, 47, 61, 32, 32, 33, 56, 53, 44, 36, 32]
[13, 60, 40, 25, 38, 14, 26, 26, 68, 42, 26, 30, 0, 25, 68, 29, 65, 74, 66, 32, 26, 56, 46, 47, 39, 6, 46, 36, 56, 65, 21]
[35, 77, 34, 38, 13, 12, 15, 42, 65, 61, 26, 51, 25, 0, 64, 28, 83, 95, 85, 30, 28, 57, 28, 55, 43, 28, 66, 19, 81, 83, 24]
[61, 58, 30, 47, 67, 61, 49, 50, 4, 56, 86, 62, 68, 64, 0, 39, 65, 86, 67, 92, 42, 15, 43, 31, 31, 73, 112, 46, 106, 63, 47]
[25, 53, 11, 17, 37, 22, 14, 22, 40, 39, 48, 35, 29, 28, 39, 0, 60, 75, 61, 53, 3, 30, 27, 27, 15, 34, 74, 20, 76, 59, 7]
[52, 7, 64, 45, 95, 72, 72, 41, 62, 23, 91, 36, 65, 83, 65, 60, 0, 22, 2, 97, 58, 51, 85, 37, 47, 68, 86, 79, 61, 2, 60]
[61, 28, 82, 59, 108, 84, 87, 54, 84, 36, 97, 44, 74, 95, 86, 75, 22, 0, 20, 103, 73, 72, 102, 57, 66, 75, 82, 95, 50, 24, 74]
[53, 9, 66, 47, 96, 74, 74, 42, 64, 24, 92, 37, 66, 85, 67, 61, 2, 20, 0, 98, 59, 53, 87, 39, 49, 69, 86, 81, 60, 4, 62]
[45, 92, 62, 56, 34, 31, 43, 58, 93, 74, 6, 61, 32, 30, 92, 53, 97, 103, 98, 0, 52, 83, 57, 77, 67, 29, 47, 49, 74, 97, 47]
[22, 51, 14, 14, 38, 21, 15, 19, 42, 37, 46, 32, 26, 28, 42, 3, 58, 73, 59, 52, 0, 31, 29, 27, 15, 32, 71, 22, 73, 57, 5]
[48, 44, 24, 34, 64, 52, 42, 36, 14, 41, 78, 47, 56, 57, 15, 30, 51, 72, 53, 83, 31, 0, 43, 16, 18, 62, 99, 43, 91, 49, 36]
[49, 78, 21, 44, 26, 33, 20, 49, 46, 65, 53, 61, 46, 28, 43, 27, 85, 102, 87, 57, 29, 43, 0, 49, 38, 51, 91, 10, 100, 84, 30]
[36, 30, 28, 22, 64, 47, 41, 23, 30, 25, 71, 32, 47, 55, 31, 27, 37, 57, 39, 77, 27, 16, 49, 0, 12, 52, 86, 45, 76, 36, 31]
[30, 40, 17, 16, 52, 36, 29, 19, 31, 30, 61, 32, 39, 43, 31, 15, 47, 66, 49, 67, 15, 18, 38, 12, 0, 44, 81, 33, 76, 46, 20]
[17, 64, 45, 30, 40, 18, 31, 31, 74, 46, 22, 33, 6, 28, 73, 34, 68, 75, 69, 29, 32, 62, 51, 52, 44, 0, 41, 41, 53, 69, 27]
[51, 85, 86, 65, 76, 58, 72, 63, 112, 69, 45, 56, 46, 66, 112, 74, 86, 82, 86, 47, 71, 99, 91, 86, 81, 41, 0, 82, 36, 87, 67]
[40, 72, 19, 36, 21, 23, 10, 41, 48, 59, 45, 53, 36, 19, 46, 20, 79, 95, 81, 49, 22, 43, 10, 45, 33, 41, 82, 0, 91, 78, 21]
[51, 62, 87, 61, 93, 70, 81, 57, 105, 52, 70, 44, 56, 81, 106, 76, 61, 50, 60, 74, 73, 91, 100, 76, 76, 53, 36, 91, 0, 63, 71]
[52, 6, 63, 45, 94, 72, 72, 41, 60, 23, 91, 36, 65, 83, 63, 59, 2, 24, 4, 97, 57, 49, 84, 36, 46, 69, 87, 78, 63, 0, 59]
[20, 54, 18, 15, 35, 16, 13, 20, 47, 38, 41, 32, 21, 24, 47, 7, 60, 74, 62, 47, 5, 36, 30, 31, 20, 27, 67, 21, 71, 59, 0]
