Location coordinates of network setup:
[(0, 0), (-12, -48), (-19, -15), (15, 48), (-14, 17), (26, -23), (10, -37), (-39, 30), (-5, -41), (-21, -35), (-37, 32), (-27, -26), (-44, 16), (3, -38), (10, -48), (17, -38), (36, 40), (50, -40), (14, -46), (-1, 28), (-43, 43), (41, -24), (23, 35), (-39, 9), (12, 14), (11, 43), (-33, 2), (45, -46), (25, -18), (1, 32), (0, 48), (-40, -47), (18, 14), (16, 23), (36, 33), (-30, -42), (7, 10), (47, 2), (6, 4), (-17, -46), (33, -34), (-5, -34), (28, -28), (-50, 6), (-6, 20), (-32, 35), (4, 0), (41, 5), (32, -21), (-25, -26), (-41, -15), (-43, -24), (-18, -18), (-28, -12), (-30, 47), (-50, -39), (-25, 16), (0, 37), (-14, -44), (-41, -41), (-7, -28), (-3, 47), (-6, -8), (-2, -12), (35, 3), (-36, 22), (11, 49), (31, 10), (-48, 14), (38, 21), (35, -14), (20, 9), (-14, -22), (9, 13), (2, -3), (-6, 25), (27, 47), (5, -44), (-19, 20), (49, 13), (10, 35), (17, 10), (-26, 18), (-23, -26), (1, 15), (12, -2), (44, 50), (-35, -17), (-41, 33), (-14, 3), (-18, -39), (9, -45), (33, -17), (16, -29), (14, 37), (39, 19), (-5, 18), (-38, 17), (35, 9), (44, -1), (-30, 7), (21, 36), (11, -24), (-35, 1), (-32, -46), (-6, -10), (31, 0), (41, 32), (7, -34), (-43, -15), (18, 28), (11, -16), (-20, 46)]

Depot Index: 0

Customer node indices: [1, 2, 3, 4, 5, 6, 7, 8, 9, 10, 11, 12, 13, 14, 15, 16, 17, 18, 19, 20, 21, 22, 23, 24, 25, 26, 27, 28, 29, 30, 31, 32, 33, 34, 35, 36, 37, 38, 39, 40, 41, 42, 43, 44, 45, 46, 47, 48, 49, 50, 51, 52, 53, 54, 55, 56, 57, 58, 59, 60, 61, 62, 63, 64, 65, 66, 67, 68, 69, 70, 71, 72, 73, 74, 75]

Charging station indices: [76, 77, 78, 79, 80, 81, 82, 83, 84, 85, 86, 87, 88, 89, 90, 91, 92, 93, 94, 95, 96, 97, 98, 99, 100, 101, 102, 103, 104, 105, 106, 107, 108, 109, 110, 111, 112]

Random service times: [0, 11, 13, 10, 14, 15, 10, 15, 10, 12, 10, 15, 14, 14, 12, 13, 14, 12, 10, 13, 11, 11, 13, 11, 10, 13, 10, 13, 13, 11, 12, 12, 12, 11, 14, 10, 15, 14, 10, 10, 13, 15, 11, 12, 11, 11, 15, 10, 11, 13, 10, 10, 12, 12, 12, 12, 11, 11, 10, 10, 13, 15, 12, 11, 13, 13, 13, 15, 15, 13, 15, 10, 12, 11, 11, 15, 0, 0, 0, 0, 0, 0, 0, 0, 0, 0, 0, 0, 0, 0, 0, 0, 0, 0, 0, 0, 0, 0, 0, 0, 0, 0, 0, 0, 0, 0, 0, 0, 0, 0, 0, 0, 0]

Time Windows: [(0, 1000), (24, 500), (25, 500), (5, 500), (2, 500), (10, 500), (38, 500), (22, 500), (40, 500), (47, 500), (29, 500), (7, 500), (5, 500), (20, 500), (8, 500), (1, 500), (9, 500), (45, 500), (48, 500), (28, 500), (33, 500), (18, 500), (33, 500), (0, 500), (44, 500), (21, 500), (9, 500), (38, 500), (30, 500), (43, 500), (11, 500), (10, 500), (7, 500), (30, 500), (14, 500), (28, 500), (14, 500), (33, 500), (8, 500), (23, 500), (19, 500), (18, 500), (45, 500), (20, 500), (17, 500), (4, 500), (29, 500), (9, 500), (9, 500), (38, 500), (39, 500), (33, 500), (14, 500), (46, 500), (38, 500), (9, 500), (34, 500), (27, 500), (7, 500), (27, 500), (35, 500), (44, 500), (5, 500), (36, 500), (23, 500), (9, 500), (47, 500), (29, 500), (47, 500), (20, 500), (35, 500), (2, 500), (2, 500), (7, 500), (3, 500), (32, 500), (0, 1000), (0, 1000), (0, 1000), (0, 1000), (0, 1000), (0, 1000), (0, 1000), (0, 1000), (0, 1000), (0, 1000), (0, 1000), (0, 1000), (0, 1000), (0, 1000), (0, 1000), (0, 1000), (0, 1000), (0, 1000), (0, 1000), (0, 1000), (0, 1000), (0, 1000), (0, 1000), (0, 1000), (0, 1000), (0, 1000), (0, 1000), (0, 1000), (0, 1000), (0, 1000), (0, 1000), (0, 1000), (0, 1000), (0, 1000), (0, 1000), (0, 1000), (0, 1000)]

Demands: [0, 8, 2, 1, 2, 2, 1, 1, 4, 10, 1, 8, 8, 6, 2, 4, 2, 2, 1, 2, 8, 8, 5, 6, 1, 10, 5, 1, 3, 6, 8, 10, 5, 1, 8, 7, 2, 6, 6, 10, 10, 3, 5, 1, 10, 4, 7, 9, 3, 9, 1, 2, 8, 9, 4, 4, 2, 6, 6, 5, 5, 1, 5, 3, 4, 7, 6, 3, 3, 8, 4, 1, 6, 7, 6, 5, 0, 0, 0, 0, 0, 0, 0, 0, 0, 0, 0, 0, 0, 0, 0, 0, 0, 0, 0, 0, 0, 0, 0, 0, 0, 0, 0, 0, 0, 0, 0, 0, 0, 0, 0, 0, 0]

Vehicle Capacities: [27, 26, 29, 27, 28, 30, 25, 26, 25, 29, 28, 29, 26, 28, 29, 29, 27, 26, 29, 29, 30, 27, 28, 26, 29, 26, 28, 29, 30, 27]

Battery Capacities: [100, 100, 100, 100, 100, 100, 100, 100, 100, 100, 100, 100, 100, 100, 100, 100, 100, 100, 100, 100, 100, 100, 100, 100, 100, 100, 100, 100, 100, 100]

Distance Matrix:
[0, 49, 24, 50, 22, 35, 38, 49, 41, 41, 49, 37, 47, 38, 49, 42, 54, 64, 48, 28, 61, 48, 42, 40, 18, 44, 33, 64, 31, 32, 48, 62, 23, 28, 49, 52, 12, 47, 7, 49, 47, 34, 40, 50, 21, 47, 4, 41, 38, 36, 44, 49, 25, 30, 56, 63, 30, 37, 46, 58, 29, 47, 10, 12, 35, 42, 50, 33, 50, 43, 38, 22, 26, 16, 4, 26, 54, 44, 28, 51, 36, 20, 32, 35, 15, 12, 67, 39, 53, 14, 43, 46, 37, 33, 40, 43, 19, 42, 36, 44, 31, 42, 26, 35, 56, 12, 31, 52, 35, 46, 33, 19, 50]
[49, 0, 34, 100, 65, 45, 25, 83, 10, 16, 84, 27, 72, 18, 22, 31, 100, 63, 26, 77, 96, 58, 90, 63, 66, 94, 54, 57, 48, 81, 97, 28, 69, 76, 94, 19, 61, 77, 55, 5, 47, 16, 45, 66, 68, 85, 51, 75, 52, 26, 44, 39, 31, 39, 97, 39, 65, 86, 4, 30, 21, 95, 40, 37, 69, 74, 100, 72, 72, 85, 58, 65, 26, 65, 47, 73, 103, 17, 68, 86, 86, 65, 67, 25, 64, 52, 113, 39, 86, 51, 11, 21, 55, 34, 89, 84, 66, 70, 74, 73, 58, 90, 33, 54, 20, 38, 64, 96, 24, 45, 82, 39, 94]
[24, 34, 0, 72, 32, 46, 36, 49, 30, 20, 50, 14, 40, 32, 44, 43, 78, 73, 45, 47, 63, 61, 65, 31, 42, 65, 22, 71, 44, 51, 66, 38, 47, 52, 73, 29, 36, 68, 31, 31, 55, 24, 49, 37, 37, 52, 27, 63, 51, 13, 22, 26, 3, 9, 63, 39, 32, 55, 29, 34, 18, 64, 15, 17, 57, 41, 71, 56, 41, 67, 54, 46, 9, 40, 24, 42, 77, 38, 35, 74, 58, 44, 34, 12, 36, 34, 91, 16, 53, 19, 24, 41, 52, 38, 62, 67, 36, 37, 59, 65, 25, 65, 31, 23, 34, 14, 52, 76, 32, 24, 57, 30, 61]
[50, 100, 72, 0, 42, 72, 85, 57, 91, 90, 54, 85, 67, 87, 96, 86, 22, 95, 94, 26, 58, 77, 15, 67, 34, 6, 66, 99, 67, 21, 15, 110, 34, 25, 26, 101, 39, 56, 45, 99, 84, 84, 77, 77, 35, 49, 49, 50, 71, 84, 84, 92, 74, 74, 45, 109, 51, 19, 96, 105, 79, 18, 60, 62, 49, 57, 4, 41, 72, 35, 65, 39, 76, 36, 53, 31, 12, 93, 44, 49, 14, 38, 51, 83, 36, 50, 29, 82, 58, 54, 93, 93, 67, 77, 11, 38, 36, 61, 44, 57, 61, 13, 72, 69, 105, 62, 51, 31, 82, 86, 20, 64, 35]
[22, 65, 32, 42, 0, 57, 59, 28, 59, 52, 27, 45, 30, 58, 69, 63, 55, 86, 69, 17, 39, 69, 41, 26, 26, 36, 24, 86, 52, 21, 34, 69, 32, 31, 52, 61, 22, 63, 24, 63, 69, 52, 62, 38, 9, 25, 25, 56, 60, 44, 42, 50, 35, 32, 34, 67, 11, 24, 61, 64, 46, 32, 26, 31, 51, 23, 41, 46, 34, 52, 58, 35, 39, 23, 26, 11, 51, 64, 6, 63, 30, 32, 12, 44, 15, 32, 67, 40, 31, 14, 56, 66, 58, 55, 34, 53, 9, 24, 50, 61, 19, 40, 48, 26, 66, 28, 48, 57, 55, 43, 34, 41, 30]
[35, 45, 46, 72, 57, 0, 21, 84, 36, 49, 84, 53, 80, 27, 30, 17, 64, 29, 26, 58, 95, 15, 58, 72, 40, 68, 64, 30, 5, 60, 76, 70, 38, 47, 57, 59, 38, 33, 34, 49, 13, 33, 5, 81, 54, 82, 32, 32, 6, 51, 67, 69, 44, 55, 90, 78, 64, 65, 45, 69, 33, 76, 35, 30, 28, 77, 74, 33, 83, 46, 13, 33, 40, 40, 31, 58, 70, 30, 62, 43, 60, 34, 66, 49, 45, 25, 75, 61, 87, 48, 47, 28, 9, 12, 61, 44, 51, 75, 33, 28, 64, 59, 15, 66, 62, 35, 24, 57, 22, 69, 52, 17, 83]
[38, 25, 36, 85, 59, 21, 0, 83, 16, 31, 83, 39, 76, 7, 11, 7, 81, 40, 10, 66, 96, 34, 73, 67, 51, 80, 58, 36, 24, 70, 86, 51, 52, 60, 75, 40, 47, 54, 41, 28, 23, 15, 20, 74, 59, 83, 37, 52, 27, 37, 56, 55, 34, 45, 93, 60, 64, 75, 25, 51, 19, 85, 33, 28, 47, 75, 86, 51, 77, 64, 34, 47, 28, 50, 35, 64, 86, 9, 64, 63, 72, 48, 66, 35, 53, 35, 93, 49, 87, 47, 28, 8, 30, 10, 74, 63, 57, 72, 52, 50, 59, 74, 13, 59, 43, 31, 43, 76, 4, 57, 65, 21, 88]
[49, 83, 49, 57, 28, 84, 83, 0, 79, 67, 3, 57, 15, 80, 92, 88, 76, 113, 93, 38, 14, 97, 62, 21, 53, 52, 29, 113, 80, 40, 43, 77, 59, 55, 75, 73, 50, 90, 52, 79, 96, 72, 89, 26, 34, 9, 52, 84, 87, 58, 45, 54, 52, 43, 19, 70, 20, 40, 78, 71, 66, 40, 50, 56, 79, 9, 53, 73, 18, 78, 86, 63, 58, 51, 53, 33, 68, 86, 22, 90, 49, 59, 18, 58, 43, 60, 85, 47, 4, 37, 72, 89, 86, 81, 53, 79, 36, 13, 77, 89, 25, 60, 74, 29, 76, 52, 76, 80, 79, 45, 57, 68, 25]
[41, 10, 30, 91, 59, 36, 16, 79, 0, 17, 80, 27, 69, 9, 17, 22, 91, 55, 20, 69, 92, 49, 81, 60, 58, 86, 51, 50, 38, 73, 89, 36, 60, 67, 85, 25, 52, 67, 46, 13, 39, 7, 35, 65, 61, 81, 42, 65, 42, 25, 44, 42, 26, 37, 91, 45, 60, 78, 9, 36, 13, 88, 33, 29, 59, 70, 91, 62, 70, 75, 48, 56, 21, 56, 39, 66, 94, 10, 63, 76, 77, 56, 63, 23, 56, 43, 103, 38, 82, 45, 13, 15, 45, 24, 80, 74, 59, 67, 64, 63, 54, 81, 23, 52, 27, 31, 55, 86, 14, 46, 73, 30, 88]
[41, 16, 20, 90, 52, 49, 31, 67, 17, 0, 69, 11, 56, 24, 34, 38, 94, 71, 37, 66, 81, 63, 83, 48, 59, 84, 39, 67, 49, 71, 86, 22, 63, 69, 89, 11, 53, 77, 47, 12, 54, 16, 49, 50, 57, 71, 43, 74, 55, 10, 28, 25, 17, 24, 82, 29, 51, 75, 11, 21, 16, 84, 31, 30, 68, 59, 90, 69, 56, 81, 60, 60, 15, 57, 39, 62, 95, 28, 55, 85, 77, 59, 53, 9, 55, 47, 107, 23, 71, 39, 5, 32, 57, 37, 80, 81, 55, 55, 71, 73, 43, 82, 34, 39, 16, 29, 63, 91, 28, 30, 74, 37, 81]
[49, 84, 50, 54, 27, 84, 83, 3, 80, 69, 0, 59, 17, 81, 93, 88, 73, 113, 93, 36, 13, 96, 60, 23, 52, 49, 30, 113, 80, 38, 40, 79, 58, 54, 73, 74, 49, 89, 51, 81, 96, 73, 88, 29, 33, 6, 52, 83, 87, 59, 47, 56, 53, 45, 17, 72, 20, 37, 79, 73, 67, 37, 51, 56, 78, 10, 51, 71, 21, 76, 85, 61, 59, 50, 52, 32, 66, 87, 22, 88, 47, 58, 18, 60, 42, 60, 83, 49, 4, 37, 73, 90, 85, 81, 51, 77, 35, 15, 76, 87, 26, 58, 74, 31, 78, 52, 75, 78, 79, 47, 55, 68, 22]
[37, 27, 14, 85, 45, 53, 39, 57, 27, 11, 59, 0, 45, 32, 43, 46, 91, 78, 46, 60, 71, 68, 79, 37, 56, 79, 29, 75, 53, 64, 79, 25, 60, 65, 86, 16, 50, 79, 45, 22, 61, 23, 55, 39, 51, 61, 40, 75, 59, 2, 18, 16, 12, 14, 73, 26, 42, 69, 22, 21, 20, 77, 28, 29, 68, 49, 84, 68, 45, 80, 63, 59, 14, 53, 37, 55, 91, 37, 47, 85, 71, 57, 44, 4, 50, 46, 104, 12, 61, 32, 16, 41, 61, 43, 75, 80, 49, 44, 71, 75, 33, 78, 38, 28, 21, 26, 64, 89, 35, 19, 70, 39, 72]
[47, 72, 40, 67, 30, 80, 76, 15, 69, 56, 17, 45, 0, 72, 84, 81, 84, 109, 85, 45, 27, 94, 70, 9, 56, 61, 18, 108, 77, 48, 54, 63, 62, 60, 82, 60, 51, 92, 51, 68, 92, 63, 84, 12, 38, 22, 51, 86, 85, 46, 31, 40, 43, 32, 34, 55, 19, 49, 67, 57, 57, 51, 45, 50, 80, 10, 64, 75, 4, 82, 85, 64, 48, 53, 50, 39, 77, 77, 25, 93, 57, 61, 18, 47, 45, 59, 94, 34, 17, 33, 61, 81, 84, 75, 62, 83, 39, 6, 79, 90, 17, 68, 68, 17, 63, 46, 77, 86, 71, 31, 63, 64, 38]
[38, 18, 32, 87, 58, 27, 7, 80, 9, 24, 81, 32, 72, 0, 12, 14, 85, 47, 14, 66, 93, 40, 76, 63, 53, 81, 54, 43, 30, 70, 86, 44, 54, 62, 78, 33, 48, 59, 42, 22, 30, 9, 27, 69, 59, 81, 38, 57, 34, 30, 50, 48, 29, 40, 91, 53, 61, 75, 18, 44, 14, 85, 31, 26, 52, 72, 87, 56, 73, 69, 40, 50, 23, 51, 35, 64, 88, 6, 62, 69, 73, 50, 63, 29, 53, 37, 97, 43, 84, 44, 21, 9, 37, 16, 76, 67, 57, 69, 57, 55, 56, 76, 16, 54, 36, 29, 47, 80, 6, 51, 68, 23, 87]
[49, 22, 44, 96, 69, 30, 11, 92, 17, 34, 93, 43, 84, 12, 0, 12, 92, 41, 4, 77, 105, 39, 84, 75, 62, 91, 66, 35, 34, 81, 97, 50, 63, 71, 85, 40, 58, 62, 52, 27, 27, 21, 27, 81, 70, 93, 48, 61, 35, 41, 61, 58, 41, 52, 103, 61, 73, 86, 24, 51, 26, 96, 43, 38, 57, 84, 97, 62, 85, 74, 42, 58, 35, 61, 46, 75, 97, 6, 74, 72, 83, 58, 75, 40, 64, 46, 104, 55, 96, 56, 29, 3, 39, 20, 85, 73, 68, 81, 62, 58, 68, 85, 24, 67, 42, 41, 52, 86, 14, 62, 76, 32, 99]
[42, 31, 43, 86, 63, 17, 7, 88, 22, 38, 88, 46, 81, 14, 12, 0, 80, 33, 9, 68, 101, 28, 73, 73, 52, 81, 64, 29, 22, 72, 88, 58, 52, 61, 73, 47, 49, 50, 43, 35, 16, 22, 15, 80, 62, 88, 40, 49, 23, 44, 62, 62, 40, 52, 97, 67, 68, 77, 32, 58, 26, 87, 38, 32, 45, 80, 87, 50, 83, 63, 30, 47, 35, 52, 38, 67, 86, 13, 68, 60, 73, 48, 71, 42, 55, 36, 92, 56, 92, 51, 35, 11, 26, 9, 75, 61, 60, 78, 50, 46, 65, 74, 15, 65, 50, 36, 40, 74, 11, 64, 66, 23, 92]
[54, 100, 78, 22, 55, 64, 81, 76, 91, 94, 73, 91, 84, 85, 92, 80, 0, 81, 89, 39, 79, 64, 14, 81, 35, 25, 79, 86, 59, 36, 37, 116, 32, 26, 7, 105, 42, 40, 47, 101, 74, 85, 68, 92, 47, 68, 51, 35, 61, 90, 95, 102, 79, 82, 66, 117, 66, 36, 98, 112, 80, 40, 64, 64, 37, 74, 27, 30, 88, 19, 54, 35, 80, 38, 55, 45, 11, 90, 59, 30, 26, 36, 66, 89, 43, 48, 13, 91, 77, 62, 96, 89, 57, 72, 22, 21, 47, 77, 31, 42, 74, 16, 69, 81, 110, 65, 40, 9, 79, 96, 22, 61, 56]
[64, 63, 73, 95, 86, 29, 40, 113, 55, 71, 113, 78, 109, 47, 41, 33, 81, 0, 36, 85, 125, 18, 80, 102, 66, 92, 93, 8, 33, 87, 101, 90, 63, 72, 74, 80, 66, 42, 62, 67, 18, 55, 25, 110, 82, 111, 61, 46, 26, 76, 94, 94, 71, 83, 118, 100, 94, 92, 64, 91, 58, 102, 64, 59, 46, 106, 97, 53, 112, 62, 30, 57, 66, 67, 61, 86, 90, 45, 91, 53, 85, 60, 96, 74, 74, 54, 90, 88, 117, 77, 68, 41, 29, 36, 85, 60, 80, 105, 51, 39, 93, 81, 42, 94, 82, 64, 44, 73, 43, 96, 75, 46, 111]
[48, 26, 45, 94, 69, 26, 10, 93, 20, 37, 93, 46, 85, 14, 4, 9, 89, 36, 0, 76, 106, 35, 81, 76, 60, 89, 67, 31, 30, 79, 95, 54, 60, 69, 82, 44, 56, 58, 51, 31, 22, 22, 23, 82, 69, 93, 47, 58, 31, 44, 63, 61, 43, 54, 103, 64, 73, 84, 28, 55, 28, 95, 43, 38, 53, 84, 95, 59, 86, 71, 38, 55, 37, 59, 45, 74, 94, 9, 74, 69, 81, 56, 75, 42, 62, 44, 101, 57, 96, 56, 33, 5, 35, 17, 83, 70, 67, 82, 59, 54, 69, 82, 22, 68, 46, 41, 49, 83, 14, 65, 74, 30, 98]
[28, 77, 47, 26, 17, 58, 66, 38, 69, 66, 36, 60, 45, 66, 77, 68, 39, 85, 76, 0, 45, 67, 25, 42, 19, 19, 41, 87, 53, 4, 20, 85, 24, 18, 37, 76, 20, 55, 25, 76, 71, 62, 63, 54, 9, 32, 28, 48, 59, 59, 59, 67, 49, 48, 35, 83, 27, 9, 73, 80, 56, 19, 36, 40, 44, 36, 24, 37, 49, 40, 55, 28, 52, 18, 31, 6, 34, 72, 20, 52, 13, 25, 27, 58, 13, 33, 50, 56, 40, 28, 69, 74, 56, 59, 17, 41, 11, 39, 41, 54, 36, 23, 53, 43, 80, 38, 43, 42, 63, 60, 19, 46, 26]
[61, 96, 63, 58, 39, 95, 96, 14, 92, 81, 13, 71, 27, 93, 105, 101, 79, 125, 106, 45, 0, 107, 66, 34, 62, 54, 42, 125, 91, 45, 43, 90, 68, 62, 80, 86, 60, 99, 63, 93, 108, 86, 100, 38, 44, 14, 64, 92, 99, 71, 58, 67, 66, 57, 14, 82, 32, 43, 92, 84, 80, 40, 63, 69, 88, 22, 54, 81, 29, 84, 97, 72, 71, 60, 64, 41, 70, 99, 33, 97, 54, 68, 30, 72, 52, 71, 87, 61, 10, 49, 86, 102, 97, 93, 57, 85, 45, 26, 85, 97, 38, 64, 86, 43, 90, 65, 86, 85, 92, 58, 63, 80, 23]
[48, 58, 61, 77, 69, 15, 34, 97, 49, 63, 96, 68, 94, 40, 39, 28, 64, 18, 35, 67, 107, 0, 62, 87, 48, 73, 78, 22, 17, 69, 83, 84, 44, 53, 57, 73, 48, 27, 45, 62, 13, 47, 14, 96, 64, 94, 44, 29, 9, 66, 82, 84, 59, 70, 100, 92, 77, 73, 59, 84, 48, 84, 50, 45, 28, 90, 79, 35, 97, 45, 12, 39, 55, 49, 44, 68, 72, 41, 74, 38, 67, 42, 79, 64, 56, 36, 74, 76, 100, 61, 61, 38, 11, 25, 67, 43, 62, 89, 34, 23, 77, 63, 30, 80, 76, 49, 26, 56, 35, 84, 57, 31, 93]
[42, 90, 65, 15, 41, 58, 73, 62, 81, 83, 60, 79, 70, 76, 84, 73, 14, 80, 81, 25, 66, 62, 0, 67, 24, 14, 65, 84, 53, 22, 26, 103, 22, 14, 13, 93, 30, 41, 35, 90, 70, 74, 63, 79, 33, 55, 40, 35, 57, 78, 81, 89, 67, 69, 54, 104, 52, 23, 87, 99, 70, 29, 52, 53, 34, 60, 18, 26, 74, 21, 50, 26, 68, 26, 43, 31, 13, 81, 45, 34, 13, 26, 52, 76, 30, 39, 26, 78, 64, 49, 85, 81, 53, 64, 9, 23, 33, 64, 29, 42, 60, 2, 60, 67, 98, 54, 36, 18, 71, 83, 9, 52, 44]
[40, 63, 31, 67, 26, 72, 67, 21, 60, 48, 23, 37, 9, 63, 75, 73, 81, 102, 76, 42, 34, 87, 67, 0, 51, 60, 9, 100, 69, 46, 55, 56, 57, 57, 79, 52, 46, 86, 45, 59, 84, 55, 77, 11, 35, 27, 44, 80, 77, 38, 24, 33, 34, 24, 39, 49, 16, 48, 59, 50, 49, 52, 37, 43, 74, 13, 64, 70, 10, 78, 77, 59, 40, 48, 43, 37, 76, 69, 23, 88, 55, 56, 16, 38, 40, 52, 93, 26, 24, 26, 52, 72, 77, 67, 60, 79, 35, 8, 74, 84, 9, 66, 60, 9, 55, 38, 71, 83, 63, 24, 60, 56, 42]
[18, 66, 42, 34, 26, 40, 51, 53, 58, 59, 52, 56, 56, 53, 62, 52, 35, 66, 60, 19, 62, 48, 24, 51, 0, 29, 47, 68, 35, 21, 36, 80, 6, 10, 31, 70, 6, 37, 12, 67, 52, 51, 45, 63, 19, 49, 16, 30, 40, 54, 60, 67, 44, 48, 53, 82, 37, 26, 64, 76, 46, 36, 28, 30, 25, 49, 35, 19, 60, 27, 36, 9, 44, 3, 20, 21, 36, 58, 32, 37, 21, 6, 38, 53, 11, 16, 48, 56, 56, 28, 61, 59, 37, 43, 23, 27, 17, 50, 24, 35, 43, 24, 38, 49, 74, 30, 24, 34, 48, 62, 15, 30, 45]
[44, 94, 65, 6, 36, 68, 80, 52, 86, 84, 49, 79, 61, 81, 91, 81, 25, 92, 89, 19, 54, 73, 14, 60, 29, 0, 60, 95, 63, 15, 12, 103, 30, 21, 27, 94, 33, 55, 39, 93, 80, 79, 73, 71, 29, 44, 44, 48, 67, 78, 78, 86, 68, 67, 41, 102, 45, 13, 91, 99, 73, 15, 54, 57, 47, 51, 6, 39, 66, 35, 62, 35, 70, 30, 47, 25, 16, 87, 38, 48, 8, 34, 45, 77, 30, 45, 34, 76, 53, 47, 87, 88, 64, 72, 7, 37, 30, 55, 42, 55, 55, 12, 67, 62, 99, 56, 47, 32, 77, 79, 17, 59, 31]
[33, 54, 22, 66, 24, 64, 58, 29, 51, 39, 30, 29, 18, 54, 66, 64, 79, 93, 67, 41, 42, 78, 65, 9, 47, 60, 0, 92, 61, 45, 57, 49, 52, 53, 76, 44, 41, 80, 39, 51, 75, 46, 68, 17, 32, 33, 37, 74, 69, 29, 19, 28, 25, 15, 45, 44, 16, 48, 50, 44, 40, 54, 29, 34, 68, 20, 64, 64, 19, 73, 70, 53, 31, 43, 35, 35, 75, 60, 23, 83, 54, 51, 17, 30, 36, 45, 91, 19, 32, 19, 44, 63, 69, 58, 59, 74, 32, 16, 68, 77, 6, 64, 51, 2, 48, 30, 64, 80, 54, 20, 57, 48, 46]
[64, 57, 71, 99, 86, 30, 36, 113, 50, 67, 113, 75, 108, 43, 35, 29, 86, 8, 31, 87, 125, 22, 84, 100, 68, 95, 92, 0, 34, 90, 104, 85, 66, 75, 80, 75, 68, 48, 63, 62, 17, 51, 25, 108, 83, 112, 62, 51, 28, 73, 91, 91, 69, 81, 119, 95, 94, 94, 59, 86, 55, 105, 64, 58, 50, 106, 101, 58, 111, 67, 34, 60, 64, 69, 61, 87, 95, 40, 92, 59, 88, 63, 96, 71, 75, 55, 96, 85, 117, 77, 63, 36, 31, 34, 89, 65, 81, 104, 56, 45, 92, 85, 40, 93, 77, 62, 48, 78, 40, 93, 79, 45, 113]
[31, 48, 44, 67, 52, 5, 24, 80, 38, 49, 80, 53, 77, 30, 34, 22, 59, 33, 30, 53, 91, 17, 53, 69, 35, 63, 61, 34, 0, 55, 71, 71, 33, 42, 52, 60, 33, 30, 29, 50, 18, 34, 10, 79, 49, 78, 28, 28, 8, 51, 66, 68, 43, 53, 85, 78, 60, 60, 47, 70, 34, 71, 33, 28, 23, 73, 68, 29, 80, 41, 11, 27, 39, 35, 27, 53, 65, 33, 58, 39, 55, 29, 62, 49, 41, 21, 71, 60, 83, 44, 48, 31, 8, 14, 56, 40, 47, 72, 29, 25, 60, 54, 15, 63, 64, 32, 19, 52, 24, 68, 47, 14, 78]
[32, 81, 51, 21, 21, 60, 70, 40, 73, 71, 38, 64, 48, 70, 81, 72, 36, 87, 79, 4, 45, 69, 22, 46, 21, 15, 45, 90, 55, 0, 16, 89, 25, 17, 35, 80, 23, 55, 28, 80, 73, 66, 66, 57, 14, 33, 32, 48, 61, 64, 63, 71, 53, 53, 34, 87, 31, 5, 77, 84, 61, 16, 41, 44, 45, 38, 20, 37, 52, 39, 57, 30, 56, 21, 35, 10, 30, 76, 23, 52, 9, 27, 30, 63, 17, 36, 47, 61, 42, 33, 73, 77, 59, 63, 14, 40, 15, 42, 41, 54, 40, 20, 57, 48, 85, 43, 44, 40, 66, 64, 17, 49, 25]
[48, 97, 66, 15, 34, 76, 86, 43, 89, 86, 40, 79, 54, 86, 97, 88, 37, 101, 95, 20, 43, 83, 26, 55, 36, 12, 57, 104, 71, 16, 0, 103, 38, 30, 39, 95, 39, 66, 44, 96, 88, 82, 81, 65, 29, 35, 48, 59, 76, 78, 75, 84, 68, 66, 30, 100, 41, 11, 93, 98, 76, 3, 56, 60, 57, 44, 11, 49, 59, 47, 71, 44, 71, 36, 51, 24, 27, 92, 34, 60, 16, 42, 40, 77, 33, 51, 44, 74, 44, 47, 89, 93, 73, 79, 18, 49, 30, 49, 52, 66, 51, 24, 73, 59, 99, 58, 57, 44, 82, 76, 27, 65, 20]
[62, 28, 38, 110, 69, 70, 51, 77, 36, 22, 79, 25, 63, 44, 50, 58, 116, 90, 54, 85, 90, 84, 103, 56, 80, 103, 49, 85, 71, 89, 103, 0, 84, 90, 110, 11, 74, 100, 69, 23, 74, 37, 71, 54, 75, 82, 64, 96, 77, 26, 32, 23, 36, 37, 95, 13, 65, 93, 26, 6, 38, 101, 52, 52, 90, 69, 109, 91, 62, 103, 82, 82, 36, 77, 61, 80, 115, 45, 70, 107, 96, 81, 66, 27, 74, 69, 128, 30, 80, 56, 23, 49, 79, 59, 100, 103, 74, 64, 94, 96, 55, 103, 56, 48, 8, 50, 85, 113, 49, 32, 95, 60, 95]
[23, 69, 47, 34, 32, 38, 52, 59, 60, 63, 58, 60, 62, 54, 63, 52, 32, 63, 60, 24, 68, 44, 22, 57, 6, 30, 52, 66, 33, 25, 38, 84, 0, 9, 26, 74, 12, 31, 16, 69, 50, 53, 43, 68, 25, 54, 20, 25, 38, 59, 66, 72, 48, 53, 58, 86, 43, 29, 66, 81, 49, 39, 33, 33, 20, 55, 36, 14, 66, 21, 33, 5, 48, 9, 23, 26, 34, 59, 37, 31, 22, 4, 44, 57, 17, 17, 44, 61, 62, 34, 64, 60, 34, 43, 23, 22, 23, 56, 18, 30, 49, 22, 39, 55, 78, 34, 19, 29, 49, 68, 14, 31, 50]
[28, 76, 52, 25, 31, 47, 60, 55, 67, 69, 54, 65, 60, 62, 71, 61, 26, 72, 69, 18, 62, 53, 14, 57, 10, 21, 53, 75, 42, 17, 30, 90, 9, 0, 22, 80, 16, 37, 21, 76, 59, 61, 52, 68, 22, 49, 26, 31, 47, 64, 69, 75, 53, 56, 52, 91, 42, 21, 73, 86, 56, 31, 38, 39, 28, 52, 26, 20, 65, 22, 42, 15, 54, 12, 30, 22, 26, 68, 35, 34, 13, 13, 42, 63, 17, 25, 39, 65, 58, 36, 71, 68, 43, 52, 14, 23, 22, 54, 24, 37, 49, 14, 47, 56, 84, 40, 27, 27, 58, 70, 5, 39, 43]
[49, 94, 73, 26, 52, 57, 75, 75, 85, 89, 73, 86, 82, 78, 85, 73, 7, 74, 82, 37, 80, 57, 13, 79, 31, 27, 76, 80, 52, 35, 39, 110, 26, 22, 0, 100, 37, 33, 42, 95, 67, 79, 62, 90, 44, 68, 46, 28, 54, 85, 91, 97, 74, 78, 67, 112, 63, 36, 92, 107, 75, 41, 59, 59, 30, 73, 30, 24, 86, 12, 47, 29, 74, 34, 50, 43, 17, 83, 57, 24, 26, 30, 64, 83, 39, 42, 19, 87, 77, 58, 90, 83, 50, 65, 22, 14, 44, 76, 24, 35, 71, 15, 62, 78, 104, 60, 33, 5, 73, 92, 19, 55, 57]
[52, 19, 29, 101, 61, 59, 40, 73, 25, 11, 74, 16, 60, 33, 40, 47, 105, 80, 44, 76, 86, 73, 93, 52, 70, 94, 44, 75, 60, 80, 95, 11, 74, 80, 100, 0, 64, 89, 58, 14, 64, 26, 60, 52, 66, 77, 54, 85, 65, 17, 29, 22, 27, 30, 89, 20, 58, 85, 16, 11, 27, 93, 42, 41, 79, 64, 100, 80, 59, 93, 71, 71, 26, 67, 50, 71, 106, 35, 63, 96, 87, 70, 60, 17, 65, 58, 118, 25, 76, 48, 12, 39, 68, 48, 90, 92, 65, 60, 83, 85, 49, 93, 45, 43, 4, 40, 74, 103, 38, 30, 85, 49, 89]
[12, 61, 36, 39, 22, 38, 47, 50, 52, 53, 49, 50, 51, 48, 58, 49, 42, 66, 56, 20, 60, 48, 30, 46, 6, 33, 41, 68, 33, 23, 39, 74, 12, 16, 37, 64, 0, 41, 6, 61, 51, 46, 43, 57, 16, 46, 10, 34, 40, 48, 54, 60, 38, 41, 52, 75, 33, 28, 58, 70, 40, 38, 22, 24, 29, 45, 39, 24, 55, 33, 37, 13, 38, 4, 14, 20, 42, 54, 28, 42, 25, 10, 34, 47, 8, 13, 54, 50, 53, 22, 55, 55, 37, 40, 28, 33, 14, 46, 28, 39, 37, 30, 34, 43, 68, 24, 26, 40, 44, 56, 21, 26, 45]
[47, 77, 68, 56, 63, 33, 54, 90, 67, 77, 89, 79, 92, 59, 62, 50, 40, 42, 58, 55, 99, 27, 41, 86, 37, 55, 80, 48, 30, 55, 66, 100, 31, 37, 33, 89, 41, 0, 41, 80, 39, 63, 36, 97, 56, 86, 43, 7, 27, 77, 90, 94, 68, 76, 89, 105, 73, 59, 76, 98, 62, 67, 54, 51, 12, 85, 59, 18, 96, 21, 20, 28, 66, 40, 45, 58, 49, 62, 68, 11, 50, 31, 75, 75, 48, 35, 48, 84, 93, 61, 77, 60, 24, 44, 48, 19, 54, 86, 14, 4, 77, 43, 44, 82, 92, 54, 16, 31, 54, 92, 39, 40, 80]
[7, 55, 31, 45, 24, 34, 41, 52, 46, 47, 51, 45, 51, 42, 52, 43, 47, 62, 51, 25, 63, 45, 35, 45, 12, 39, 39, 63, 29, 28, 44, 69, 16, 21, 42, 58, 6, 41, 0, 55, 47, 40, 39, 56, 20, 49, 4, 35, 36, 43, 51, 56, 33, 38, 56, 71, 33, 34, 52, 65, 35, 44, 17, 18, 29, 46, 45, 26, 55, 36, 34, 15, 33, 9, 8, 24, 48, 48, 30, 44, 31, 13, 35, 42, 12, 8, 60, 46, 55, 20, 49, 49, 34, 34, 34, 36, 18, 46, 29, 38, 36, 35, 28, 41, 63, 18, 25, 45, 38, 53, 27, 21, 49]
[49, 5, 31, 99, 63, 49, 28, 79, 13, 12, 81, 22, 68, 22, 27, 35, 101, 67, 31, 76, 93, 62, 90, 59, 67, 93, 51, 62, 50, 80, 96, 23, 69, 76, 95, 14, 61, 80, 55, 0, 51, 17, 48, 62, 67, 82, 51, 77, 55, 22, 39, 34, 28, 36, 94, 34, 63, 85, 4, 25, 21, 94, 40, 37, 71, 71, 99, 74, 68, 87, 61, 66, 24, 64, 47, 72, 103, 22, 66, 89, 85, 66, 65, 21, 64, 53, 114, 34, 83, 49, 7, 26, 58, 37, 89, 86, 65, 66, 76, 76, 55, 90, 36, 50, 15, 38, 66, 97, 27, 40, 82, 41, 92]
[47, 47, 55, 84, 69, 13, 23, 96, 39, 54, 96, 61, 92, 30, 27, 16, 74, 18, 22, 71, 108, 13, 70, 84, 52, 80, 75, 17, 18, 73, 88, 74, 50, 59, 67, 64, 51, 39, 47, 51, 0, 38, 8, 92, 67, 95, 45, 40, 13, 59, 76, 77, 53, 65, 103, 83, 77, 78, 48, 74, 40, 89, 47, 41, 37, 89, 86, 44, 94, 55, 20, 45, 49, 53, 44, 71, 81, 30, 75, 50, 73, 47, 79, 57, 59, 38, 85, 70, 100, 60, 51, 26, 17, 18, 73, 53, 64, 87, 43, 35, 75, 71, 24, 76, 66, 46, 34, 66, 26, 78, 64, 28, 96]
[34, 16, 24, 84, 52, 33, 15, 72, 7, 16, 73, 23, 63, 9, 21, 22, 85, 55, 22, 62, 86, 47, 74, 55, 51, 79, 46, 51, 34, 66, 82, 37, 53, 61, 79, 26, 46, 63, 40, 17, 38, 0, 34, 60, 54, 74, 35, 60, 39, 22, 41, 39, 21, 32, 85, 45, 54, 71, 13, 37, 6, 81, 26, 22, 54, 64, 85, 57, 64, 70, 45, 50, 15, 49, 32, 59, 87, 14, 56, 72, 71, 49, 56, 20, 49, 36, 97, 34, 76, 38, 14, 18, 42, 22, 73, 69, 52, 61, 59, 59, 48, 75, 19, 46, 30, 24, 50, 80, 12, 42, 66, 24, 81]
[40, 45, 49, 77, 62, 5, 20, 89, 35, 49, 88, 55, 84, 27, 27, 15, 68, 25, 23, 63, 100, 14, 63, 77, 45, 73, 68, 25, 10, 66, 81, 71, 43, 52, 62, 60, 43, 36, 39, 48, 8, 34, 0, 85, 59, 87, 37, 35, 8, 53, 70, 71, 47, 58, 95, 79, 69, 71, 45, 70, 35, 81, 39, 34, 32, 81, 79, 38, 87, 50, 16, 38, 42, 45, 36, 63, 75, 28, 67, 46, 66, 40, 71, 51, 51, 31, 80, 64, 92, 52, 47, 25, 12, 12, 66, 48, 57, 80, 38, 31, 68, 64, 17, 69, 63, 38, 28, 61, 22, 72, 57, 21, 88]
[50, 66, 37, 77, 38, 81, 74, 26, 65, 50, 29, 39, 12, 69, 81, 80, 92, 110, 82, 54, 38, 96, 79, 11, 63, 71, 17, 108, 79, 57, 65, 54, 68, 68, 90, 52, 57, 97, 56, 62, 92, 60, 85, 0, 46, 34, 54, 91, 86, 41, 23, 31, 40, 28, 46, 45, 27, 59, 62, 48, 55, 62, 46, 51, 85, 21, 75, 81, 8, 89, 87, 70, 46, 59, 53, 48, 87, 74, 34, 99, 67, 67, 27, 42, 52, 63, 104, 27, 28, 36, 55, 78, 86, 75, 71, 90, 47, 16, 85, 94, 20, 77, 68, 16, 55, 47, 81, 95, 70, 22, 71, 65, 50]
[21, 68, 37, 35, 9, 54, 59, 34, 61, 57, 33, 51, 38, 59, 70, 62, 47, 82, 69, 9, 44, 64, 33, 35, 19, 29, 32, 83, 49, 14, 29, 75, 25, 22, 44, 66, 16, 56, 20, 67, 67, 54, 59, 46, 0, 30, 22, 49, 56, 50, 49, 57, 40, 39, 36, 74, 19, 18, 64, 70, 48, 27, 28, 32, 44, 30, 34, 38, 42, 44, 53, 28, 43, 17, 24, 5, 43, 65, 13, 55, 22, 25, 20, 49, 9, 28, 58, 47, 37, 19, 60, 67, 54, 54, 26, 45, 2, 32, 42, 54, 27, 31, 47, 35, 71, 30, 42, 49, 56, 51, 25, 40, 30]
[47, 85, 52, 49, 25, 82, 83, 9, 81, 71, 6, 61, 22, 81, 93, 88, 68, 111, 93, 32, 14, 94, 55, 27, 49, 44, 33, 112, 78, 33, 35, 82, 54, 49, 68, 77, 46, 86, 49, 82, 95, 74, 87, 34, 30, 0, 50, 79, 85, 61, 51, 60, 55, 47, 12, 76, 20, 32, 81, 77, 68, 31, 50, 56, 74, 14, 45, 68, 26, 71, 83, 58, 60, 47, 51, 28, 60, 87, 20, 84, 42, 55, 18, 62, 39, 57, 77, 52, 9, 37, 75, 90, 83, 80, 46, 73, 32, 19, 72, 84, 28, 53, 73, 34, 81, 52, 72, 73, 79, 51, 50, 67, 16]
[4, 51, 27, 49, 25, 32, 37, 52, 42, 43, 52, 40, 51, 38, 48, 40, 51, 61, 47, 28, 64, 44, 40, 44, 16, 44, 37, 62, 28, 32, 48, 64, 20, 26, 46, 54, 10, 43, 4, 51, 45, 35, 37, 54, 22, 50, 0, 37, 35, 39, 47, 53, 28, 34, 58, 67, 33, 37, 48, 61, 30, 48, 13, 13, 31, 46, 49, 29, 54, 40, 34, 18, 28, 14, 4, 27, 52, 44, 30, 47, 36, 16, 35, 37, 15, 8, 64, 43, 56, 18, 45, 45, 34, 31, 38, 40, 20, 45, 32, 40, 35, 40, 25, 39, 58, 14, 27, 49, 34, 49, 31, 17, 52]
[41, 75, 63, 50, 56, 32, 52, 84, 65, 74, 83, 75, 86, 57, 61, 49, 35, 46, 58, 48, 92, 29, 35, 80, 30, 48, 74, 51, 28, 48, 59, 96, 25, 31, 28, 85, 34, 7, 35, 77, 40, 60, 35, 91, 49, 79, 37, 0, 28, 73, 84, 89, 63, 71, 82, 101, 67, 52, 74, 94, 58, 61, 49, 46, 6, 79, 53, 11, 89, 16, 20, 21, 61, 33, 40, 51, 44, 61, 62, 11, 43, 25, 68, 71, 41, 30, 45, 79, 87, 55, 74, 59, 23, 42, 42, 14, 48, 80, 7, 7, 71, 37, 42, 76, 89, 49, 11, 27, 52, 86, 33, 37, 73]
[38, 52, 51, 71, 60, 6, 27, 87, 42, 55, 87, 59, 85, 34, 35, 23, 61, 26, 31, 59, 99, 9, 57, 77, 40, 67, 69, 28, 8, 61, 76, 77, 38, 47, 54, 65, 40, 27, 36, 55, 13, 39, 8, 86, 56, 85, 35, 28, 0, 57, 73, 75, 50, 61, 92, 84, 68, 66, 51, 76, 40, 76, 40, 35, 24, 80, 73, 31, 87, 42, 8, 32, 46, 41, 35, 60, 68, 35, 65, 38, 60, 34, 70, 55, 48, 28, 72, 67, 91, 52, 53, 33, 4, 18, 61, 41, 54, 80, 30, 23, 68, 58, 21, 71, 69, 40, 21, 54, 28, 75, 51, 22, 85]
[36, 26, 13, 84, 44, 51, 37, 58, 25, 10, 59, 2, 46, 30, 41, 44, 90, 76, 44, 59, 71, 66, 78, 38, 54, 78, 29, 73, 51, 64, 78, 26, 59, 64, 85, 17, 48, 77, 43, 22, 59, 22, 53, 41, 50, 61, 39, 73, 57, 0, 19, 18, 11, 14, 73, 28, 42, 68, 21, 22, 18, 76, 26, 27, 67, 49, 83, 67, 46, 79, 61, 57, 12, 52, 35, 54, 90, 35, 46, 84, 70, 55, 44, 2, 49, 44, 103, 13, 61, 31, 15, 39, 59, 41, 74, 78, 48, 45, 69, 73, 33, 77, 36, 29, 21, 25, 62, 88, 33, 21, 69, 37, 72]
[44, 44, 22, 84, 42, 67, 56, 45, 44, 28, 47, 18, 31, 50, 61, 62, 95, 94, 63, 59, 58, 82, 81, 24, 60, 78, 19, 91, 66, 63, 75, 32, 66, 69, 91, 29, 54, 90, 51, 39, 76, 41, 70, 23, 49, 51, 47, 84, 73, 19, 0, 9, 23, 13, 63, 26, 35, 66, 40, 26, 36, 73, 36, 39, 78, 37, 82, 76, 30, 87, 76, 66, 28, 57, 45, 53, 92, 54, 41, 94, 71, 63, 36, 21, 52, 55, 107, 6, 48, 32, 33, 58, 74, 59, 76, 87, 49, 32, 80, 86, 25, 80, 53, 17, 32, 35, 74, 95, 52, 2, 73, 52, 65]
[49, 39, 26, 92, 50, 69, 55, 54, 42, 25, 56, 16, 40, 48, 58, 62, 102, 94, 61, 67, 67, 84, 89, 33, 67, 86, 28, 91, 68, 71, 84, 23, 72, 75, 97, 22, 60, 94, 56, 34, 77, 39, 71, 31, 57, 60, 53, 89, 75, 18, 9, 0, 26, 19, 72, 17, 44, 75, 35, 17, 36, 81, 40, 43, 83, 47, 91, 81, 38, 93, 79, 71, 29, 64, 50, 61, 100, 52, 50, 99, 79, 69, 45, 20, 59, 59, 114, 11, 57, 40, 29, 56, 76, 59, 83, 93, 57, 41, 85, 90, 34, 88, 54, 26, 25, 40, 78, 101, 51, 9, 80, 55, 74]
[25, 31, 3, 74, 35, 44, 34, 52, 26, 17, 53, 12, 43, 29, 41, 40, 79, 71, 43, 49, 66, 59, 67, 34, 44, 68, 25, 69, 43, 53, 68, 36, 48, 53, 74, 27, 38, 68, 33, 28, 53, 21, 47, 40, 40, 55, 28, 63, 50, 11, 23, 26, 0, 12, 66, 38, 35, 58, 26, 33, 15, 67, 16, 17, 57, 44, 73, 56, 44, 68, 53, 47, 6, 41, 25, 45, 79, 35, 38, 74, 60, 45, 37, 9, 38, 34, 92, 17, 56, 21, 21, 38, 51, 36, 64, 68, 38, 40, 59, 64, 28, 67, 30, 25, 31, 14, 52, 77, 30, 25, 58, 29, 64]
[30, 39, 9, 74, 32, 55, 45, 43, 37, 24, 45, 14, 32, 40, 52, 52, 82, 83, 54, 48, 57, 70, 69, 24, 48, 67, 15, 81, 53, 53, 66, 37, 53, 56, 78, 30, 41, 76, 38, 36, 65, 32, 58, 28, 39, 47, 34, 71, 61, 14, 13, 19, 12, 0, 59, 35, 28, 56, 35, 32, 26, 64, 22, 26, 65, 35, 72, 63, 33, 74, 63, 52, 17, 45, 31, 43, 81, 46, 33, 81, 60, 50, 30, 15, 40, 41, 95, 9, 47, 21, 29, 50, 61, 47, 65, 74, 38, 31, 66, 73, 19, 69, 41, 15, 34, 22, 60, 82, 41, 15, 61, 39, 59]
[56, 97, 63, 45, 34, 90, 93, 19, 91, 82, 17, 73, 34, 91, 103, 97, 66, 118, 103, 35, 14, 100, 54, 39, 53, 41, 45, 119, 85, 34, 30, 95, 58, 52, 67, 89, 52, 89, 56, 94, 103, 85, 95, 46, 36, 12, 58, 82, 92, 73, 63, 72, 66, 59, 0, 88, 31, 32, 92, 89, 78, 27, 60, 65, 78, 26, 41, 71, 38, 73, 89, 63, 71, 52, 59, 33, 57, 97, 29, 86, 42, 60, 29, 73, 45, 65, 74, 64, 18, 47, 87, 100, 90, 89, 45, 74, 38, 31, 75, 88, 40, 52, 82, 46, 93, 62, 77, 73, 89, 63, 52, 75, 10]
[63, 39, 39, 109, 67, 78, 60, 70, 45, 29, 72, 26, 55, 53, 61, 67, 117, 100, 64, 83, 82, 92, 104, 49, 82, 102, 44, 95, 78, 87, 100, 13, 86, 91, 112, 20, 75, 105, 71, 34, 83, 45, 79, 45, 74, 76, 67, 101, 84, 28, 26, 17, 38, 35, 88, 0, 60, 91, 36, 9, 44, 98, 54, 55, 95, 63, 107, 95, 53, 107, 89, 85, 40, 79, 63, 78, 115, 55, 67, 112, 95, 83, 62, 30, 74, 72, 129, 27, 73, 55, 32, 59, 86, 67, 99, 106, 73, 57, 98, 101, 50, 103, 63, 43, 19, 53, 90, 115, 57, 25, 95, 65, 90]
[30, 65, 32, 51, 11, 64, 64, 20, 60, 51, 20, 42, 19, 61, 73, 68, 66, 94, 73, 27, 32, 77, 52, 16, 37, 45, 16, 94, 60, 31, 41, 65, 43, 42, 63, 58, 33, 73, 33, 63, 77, 54, 69, 27, 19, 20, 33, 67, 68, 42, 35, 44, 35, 28, 31, 60, 0, 33, 61, 59, 48, 38, 31, 36, 61, 13, 49, 56, 23, 63, 67, 46, 40, 34, 33, 21, 61, 67, 7, 74, 40, 42, 2, 42, 26, 41, 77, 34, 23, 17, 55, 70, 67, 61, 44, 64, 20, 13, 60, 71, 10, 50, 54, 18, 62, 32, 58, 68, 59, 36, 45, 48, 30]
[37, 86, 55, 19, 24, 65, 75, 40, 78, 75, 37, 69, 49, 75, 86, 77, 36, 92, 84, 9, 43, 73, 23, 48, 26, 13, 48, 94, 60, 5, 11, 93, 29, 21, 36, 85, 28, 59, 34, 85, 78, 71, 71, 59, 18, 32, 37, 52, 66, 68, 66, 75, 58, 56, 32, 91, 33, 0, 82, 88, 65, 10, 45, 49, 49, 39, 16, 41, 53, 41, 62, 34, 61, 26, 40, 13, 29, 81, 25, 55, 10, 32, 32, 67, 22, 41, 46, 64, 41, 37, 78, 82, 63, 68, 14, 43, 20, 43, 45, 58, 42, 21, 62, 50, 89, 47, 48, 41, 71, 67, 20, 54, 22]
[46, 4, 29, 96, 61, 45, 25, 78, 9, 11, 79, 22, 67, 18, 24, 32, 98, 64, 28, 73, 92, 59, 87, 59, 64, 91, 50, 59, 47, 77, 93, 26, 66, 73, 92, 16, 58, 76, 52, 4, 48, 13, 45, 62, 64, 81, 48, 74, 51, 21, 40, 35, 26, 35, 92, 36, 61, 82, 0, 27, 17, 92, 37, 34, 68, 70, 96, 70, 67, 83, 57, 63, 22, 61, 44, 69, 100, 19, 64, 85, 83, 62, 63, 20, 61, 49, 110, 34, 82, 47, 6, 23, 54, 34, 86, 82, 63, 66, 72, 72, 53, 87, 32, 50, 18, 35, 63, 94, 23, 41, 79, 38, 90]
[58, 30, 34, 105, 64, 69, 51, 71, 36, 21, 73, 21, 57, 44, 51, 58, 112, 91, 55, 80, 84, 84, 99, 50, 76, 99, 44, 86, 70, 84, 98, 6, 81, 86, 107, 11, 70, 98, 65, 25, 74, 37, 70, 48, 70, 77, 61, 94, 76, 22, 26, 17, 33, 32, 89, 9, 59, 88, 27, 0, 36, 96, 48, 49, 88, 63, 104, 88, 55, 100, 81, 79, 33, 74, 57, 75, 111, 46, 65, 105, 92, 77, 61, 23, 70, 66, 125, 25, 74, 52, 23, 50, 78, 58, 95, 100, 69, 58, 91, 94, 49, 99, 55, 42, 10, 47, 83, 110, 49, 26, 91, 58, 89]
[29, 21, 18, 79, 46, 33, 19, 66, 13, 16, 67, 20, 57, 14, 26, 26, 80, 58, 28, 56, 80, 48, 70, 49, 46, 73, 40, 55, 34, 61, 76, 38, 49, 56, 75, 27, 40, 62, 35, 21, 40, 6, 35, 55, 48, 68, 30, 58, 40, 18, 36, 36, 15, 26, 78, 44, 48, 65, 17, 36, 0, 75, 20, 17, 52, 58, 79, 54, 59, 67, 44, 46, 9, 44, 27, 53, 82, 20, 49, 69, 65, 45, 50, 16, 44, 32, 93, 30, 70, 32, 16, 23, 41, 23, 68, 66, 46, 55, 56, 58, 42, 70, 18, 40, 31, 18, 47, 77, 15, 38, 61, 22, 75]
[47, 95, 64, 18, 32, 76, 85, 40, 88, 84, 37, 77, 51, 85, 96, 87, 40, 102, 95, 19, 40, 84, 29, 52, 36, 15, 54, 105, 71, 16, 3, 101, 39, 31, 41, 93, 38, 67, 44, 94, 89, 81, 81, 62, 27, 31, 48, 61, 76, 76, 73, 81, 67, 64, 27, 98, 38, 10, 92, 96, 75, 0, 55, 59, 58, 41, 14, 50, 56, 49, 72, 44, 70, 36, 50, 22, 30, 91, 31, 62, 18, 42, 37, 76, 32, 51, 47, 72, 40, 45, 87, 93, 73, 78, 20, 50, 29, 46, 54, 67, 48, 26, 72, 56, 97, 57, 58, 46, 82, 74, 28, 65, 17]
[10, 40, 15, 60, 26, 35, 33, 50, 33, 31, 51, 28, 45, 31, 43, 38, 64, 64, 43, 36, 63, 50, 52, 37, 28, 54, 29, 64, 33, 41, 56, 52, 33, 38, 59, 42, 22, 54, 17, 40, 47, 26, 39, 46, 28, 50, 13, 49, 40, 26, 36, 40, 16, 22, 60, 54, 31, 45, 37, 48, 20, 55, 0, 6, 42, 42, 59, 41, 47, 53, 41, 31, 16, 26, 9, 33, 64, 38, 31, 59, 46, 29, 33, 25, 24, 19, 77, 30, 54, 14, 33, 40, 40, 30, 49, 52, 26, 41, 44, 50, 28, 52, 23, 30, 46, 2, 38, 62, 29, 38, 43, 19, 56]
[12, 37, 17, 62, 31, 30, 28, 56, 29, 30, 56, 29, 50, 26, 38, 32, 64, 59, 38, 40, 69, 45, 53, 43, 30, 57, 34, 58, 28, 44, 60, 52, 33, 39, 59, 41, 24, 51, 18, 37, 41, 22, 34, 51, 32, 56, 13, 46, 35, 27, 39, 43, 17, 26, 65, 55, 36, 49, 34, 49, 17, 59, 6, 0, 40, 48, 62, 40, 53, 52, 37, 30, 16, 27, 10, 37, 66, 33, 36, 57, 49, 29, 38, 25, 27, 17, 77, 33, 60, 19, 31, 35, 35, 25, 52, 51, 30, 46, 43, 47, 34, 53, 18, 35, 45, 4, 35, 62, 24, 41, 45, 14, 61]
[35, 69, 57, 49, 51, 28, 47, 79, 59, 68, 78, 68, 80, 52, 57, 45, 37, 46, 53, 44, 88, 28, 34, 74, 25, 47, 68, 50, 23, 45, 57, 90, 20, 28, 30, 79, 29, 12, 29, 71, 37, 54, 32, 85, 44, 74, 31, 6, 24, 67, 78, 83, 57, 65, 78, 95, 61, 49, 68, 88, 52, 58, 42, 40, 0, 73, 52, 8, 84, 18, 17, 16, 55, 28, 34, 47, 45, 56, 57, 17, 41, 19, 63, 65, 36, 24, 48, 73, 82, 49, 68, 55, 20, 37, 40, 16, 43, 74, 6, 10, 65, 36, 36, 70, 83, 43, 5, 30, 46, 80, 30, 31, 70]
[42, 74, 41, 57, 23, 77, 75, 9, 70, 59, 10, 49, 10, 72, 84, 80, 74, 106, 84, 36, 22, 90, 60, 13, 49, 51, 20, 106, 73, 38, 44, 69, 55, 52, 73, 64, 45, 85, 46, 71, 89, 64, 81, 21, 30, 14, 46, 79, 80, 49, 37, 47, 44, 35, 26, 63, 13, 39, 70, 63, 58, 41, 42, 48, 73, 0, 54, 68, 14, 74, 80, 57, 49, 46, 45, 30, 68, 78, 17, 85, 48, 54, 11, 50, 38, 54, 85, 39, 12, 29, 64, 81, 79, 73, 52, 75, 31, 5, 72, 83, 16, 59, 66, 21, 68, 44, 71, 78, 71, 38, 54, 60, 29]
[50, 100, 71, 4, 41, 74, 86, 53, 91, 90, 51, 84, 64, 87, 97, 87, 27, 97, 95, 24, 54, 79, 18, 64, 35, 6, 64, 101, 68, 20, 11, 109, 36, 26, 30, 100, 39, 59, 45, 99, 86, 85, 79, 75, 34, 45, 49, 53, 73, 83, 82, 91, 73, 72, 41, 107, 49, 16, 96, 104, 79, 14, 59, 62, 52, 54, 0, 44, 69, 39, 67, 41, 75, 36, 53, 29, 16, 93, 42, 52, 14, 39, 48, 82, 35, 51, 33, 80, 54, 52, 93, 94, 70, 78, 12, 41, 35, 59, 47, 60, 59, 16, 73, 66, 104, 61, 53, 34, 83, 84, 22, 65, 31]
[33, 72, 56, 41, 46, 33, 51, 73, 62, 69, 71, 68, 75, 56, 62, 50, 30, 53, 59, 37, 81, 35, 26, 70, 19, 39, 64, 58, 29, 37, 49, 91, 14, 20, 24, 80, 24, 18, 26, 74, 44, 57, 38, 81, 38, 68, 29, 11, 31, 67, 76, 81, 56, 63, 71, 95, 56, 41, 70, 88, 54, 50, 41, 40, 8, 68, 44, 0, 79, 13, 24, 11, 55, 22, 32, 40, 37, 60, 51, 18, 33, 14, 58, 65, 30, 22, 42, 71, 76, 46, 69, 59, 27, 42, 32, 12, 37, 69, 4, 17, 61, 28, 39, 67, 84, 42, 10, 24, 50, 78, 22, 33, 62]
[50, 72, 41, 72, 34, 83, 77, 18, 70, 56, 21, 45, 4, 73, 85, 83, 88, 112, 86, 49, 29, 97, 74, 10, 60, 66, 19, 111, 80, 52, 59, 62, 66, 65, 86, 59, 55, 96, 55, 68, 94, 64, 87, 8, 42, 26, 54, 89, 87, 46, 30, 38, 44, 33, 38, 53, 23, 53, 67, 55, 59, 56, 47, 53, 84, 14, 69, 79, 0, 86, 88, 68, 50, 57, 53, 43, 82, 79, 30, 97, 62, 65, 22, 47, 49, 62, 99, 34, 20, 36, 61, 82, 87, 77, 66, 87, 43, 10, 83, 93, 19, 72, 70, 18, 62, 48, 80, 91, 73, 29, 67, 66, 43]
[43, 85, 67, 35, 52, 46, 64, 78, 75, 81, 76, 80, 82, 69, 74, 63, 19, 62, 71, 40, 84, 45, 21, 78, 27, 35, 73, 67, 41, 39, 47, 103, 21, 22, 12, 93, 33, 21, 36, 87, 55, 70, 50, 89, 44, 71, 40, 16, 42, 79, 87, 93, 68, 74, 73, 107, 63, 41, 83, 100, 67, 49, 53, 52, 18, 74, 39, 13, 86, 0, 35, 22, 67, 30, 43, 44, 28, 73, 57, 14, 31, 24, 64, 77, 37, 35, 30, 82, 80, 55, 82, 72, 38, 55, 29, 2, 43, 76, 12, 23, 69, 23, 52, 76, 97, 54, 22, 11, 63, 89, 21, 46, 63]
[38, 58, 54, 65, 58, 13, 34, 86, 48, 60, 85, 63, 85, 40, 42, 30, 54, 30, 38, 55, 97, 12, 50, 77, 36, 62, 70, 34, 11, 57, 71, 82, 33, 42, 47, 71, 37, 20, 34, 61, 20, 45, 16, 87, 53, 83, 34, 20, 8, 61, 76, 79, 53, 63, 89, 89, 67, 62, 57, 81, 44, 72, 41, 37, 17, 80, 67, 24, 88, 35, 0, 27, 50, 37, 35, 57, 62, 42, 64, 30, 55, 30, 69, 59, 45, 26, 65, 70, 89, 52, 59, 40, 4, 24, 55, 33, 51, 79, 23, 16, 68, 52, 26, 72, 74, 41, 15, 46, 34, 78, 45, 24, 81]
[22, 65, 46, 39, 35, 33, 47, 63, 56, 60, 61, 59, 64, 50, 58, 47, 35, 57, 55, 28, 72, 39, 26, 59, 9, 35, 53, 60, 27, 30, 44, 82, 5, 15, 29, 71, 13, 28, 15, 66, 45, 50, 38, 70, 28, 58, 18, 21, 32, 57, 66, 71, 47, 52, 63, 85, 46, 34, 63, 79, 46, 44, 31, 30, 16, 57, 41, 11, 68, 22, 27, 0, 46, 12, 22, 31, 39, 55, 41, 29, 28, 3, 47, 55, 20, 14, 48, 61, 66, 35, 61, 55, 29, 38, 29, 21, 27, 59, 15, 26, 50, 27, 34, 56, 76, 32, 14, 31, 45, 67, 19, 27, 54]
[26, 26, 9, 76, 39, 40, 28, 58, 21, 15, 59, 14, 48, 23, 35, 35, 80, 66, 37, 52, 71, 55, 68, 40, 44, 70, 31, 64, 39, 56, 71, 36, 48, 54, 74, 26, 38, 66, 33, 24, 49, 15, 42, 46, 43, 60, 28, 61, 46, 12, 28, 29, 6, 17, 71, 40, 40, 61, 22, 33, 9, 70, 16, 16, 55, 49, 75, 55, 50, 67, 50, 46, 0, 42, 25, 48, 80, 29, 42, 72, 62, 45, 42, 10, 40, 33, 92, 22, 61, 25, 17, 33, 47, 31, 65, 67, 41, 46, 58, 62, 33, 68, 25, 31, 30, 14, 50, 77, 24, 30, 59, 26, 68]
[16, 65, 40, 36, 23, 40, 50, 51, 56, 57, 50, 53, 53, 51, 61, 52, 38, 67, 59, 18, 60, 49, 26, 48, 3, 30, 43, 69, 35, 21, 36, 77, 9, 12, 34, 67, 4, 40, 9, 64, 53, 49, 45, 59, 17, 47, 14, 33, 41, 52, 57, 64, 41, 45, 52, 79, 34, 26, 61, 74, 44, 36, 26, 27, 28, 46, 36, 22, 57, 30, 37, 12, 42, 0, 17, 19, 38, 57, 29, 40, 22, 9, 35, 50, 8, 15, 51, 53, 54, 25, 59, 58, 38, 43, 25, 31, 15, 47, 26, 38, 39, 26, 37, 46, 72, 27, 26, 37, 47, 59, 17, 29, 44]
[4, 47, 24, 53, 26, 31, 35, 53, 39, 39, 52, 37, 50, 35, 46, 38, 55, 61, 45, 31, 64, 44, 43, 43, 20, 47, 35, 61, 27, 35, 51, 61, 23, 30, 50, 50, 14, 45, 8, 47, 44, 32, 36, 53, 24, 51, 4, 40, 35, 35, 45, 50, 25, 31, 59, 63, 33, 40, 44, 57, 27, 50, 9, 10, 34, 45, 53, 32, 53, 43, 35, 22, 25, 17, 0, 29, 56, 41, 31, 50, 39, 20, 35, 34, 18, 10, 68, 40, 56, 17, 41, 43, 34, 30, 42, 43, 22, 45, 35, 42, 34, 43, 23, 37, 55, 11, 29, 52, 31, 47, 35, 16, 54]
[26, 73, 42, 31, 11, 58, 64, 33, 66, 62, 32, 55, 39, 64, 75, 67, 45, 86, 74, 6, 41, 68, 31, 37, 21, 25, 35, 87, 53, 10, 24, 80, 26, 22, 43, 71, 20, 58, 24, 72, 71, 59, 63, 48, 5, 28, 27, 51, 60, 54, 53, 61, 45, 43, 33, 78, 21, 13, 69, 75, 53, 22, 33, 37, 47, 30, 29, 40, 43, 44, 57, 31, 48, 19, 29, 0, 40, 70, 14, 56, 19, 27, 21, 54, 12, 32, 56, 51, 36, 23, 65, 72, 57, 58, 23, 45, 7, 33, 44, 56, 30, 29, 52, 38, 76, 35, 45, 48, 60, 54, 24, 44, 25]
[54, 103, 77, 12, 51, 70, 86, 68, 94, 95, 66, 91, 77, 88, 97, 86, 11, 90, 94, 34, 70, 72, 13, 76, 36, 16, 75, 95, 65, 30, 27, 115, 34, 26, 17, 106, 42, 49, 48, 103, 81, 87, 75, 87, 43, 60, 52, 44, 68, 90, 92, 100, 79, 81, 57, 115, 61, 29, 100, 111, 82, 30, 64, 66, 45, 68, 16, 37, 82, 28, 62, 39, 80, 38, 56, 40, 0, 94, 53, 40, 21, 38, 60, 88, 41, 51, 17, 89, 69, 60, 97, 94, 64, 77, 16, 30, 43, 72, 39, 51, 70, 13, 73, 77, 110, 66, 47, 21, 83, 94, 21, 65, 47]
[44, 17, 38, 93, 64, 30, 9, 86, 10, 28, 87, 37, 77, 6, 6, 13, 90, 45, 9, 72, 99, 41, 81, 69, 58, 87, 60, 40, 33, 76, 92, 45, 59, 68, 83, 35, 54, 62, 48, 22, 30, 14, 28, 74, 65, 87, 44, 61, 35, 35, 54, 52, 35, 46, 97, 55, 67, 81, 19, 46, 20, 91, 38, 33, 56, 78, 93, 60, 79, 73, 42, 55, 29, 57, 41, 70, 94, 0, 68, 72, 79, 55, 69, 33, 59, 43, 102, 48, 90, 51, 24, 4, 39, 19, 81, 72, 63, 75, 61, 58, 62, 82, 21, 60, 37, 36, 51, 84, 10, 56, 73, 29, 93]
[28, 68, 35, 44, 6, 62, 64, 22, 63, 55, 22, 47, 25, 62, 74, 68, 59, 91, 74, 20, 33, 74, 45, 23, 32, 38, 23, 92, 58, 23, 34, 70, 37, 35, 57, 63, 28, 68, 30, 66, 75, 56, 67, 34, 13, 20, 30, 62, 65, 46, 41, 50, 38, 33, 29, 67, 7, 25, 64, 65, 49, 31, 31, 36, 57, 17, 42, 51, 30, 57, 64, 41, 42, 29, 31, 14, 53, 68, 0, 68, 33, 37, 7, 46, 21, 38, 70, 40, 26, 18, 59, 71, 64, 60, 37, 58, 14, 19, 55, 66, 17, 43, 53, 25, 67, 33, 54, 61, 60, 42, 38, 47, 26]
[51, 86, 74, 49, 63, 43, 63, 90, 76, 85, 88, 85, 93, 69, 72, 60, 30, 53, 69, 52, 97, 38, 34, 88, 37, 48, 83, 59, 39, 52, 60, 107, 31, 34, 24, 96, 42, 11, 44, 89, 50, 72, 46, 99, 55, 84, 47, 11, 38, 84, 94, 99, 74, 81, 86, 112, 74, 55, 85, 105, 69, 62, 59, 57, 17, 85, 52, 18, 97, 14, 30, 29, 72, 40, 50, 56, 40, 72, 68, 0, 45, 32, 75, 82, 48, 40, 37, 89, 92, 64, 85, 70, 34, 53, 42, 12, 54, 87, 15, 15, 79, 36, 53, 85, 100, 60, 22, 21, 63, 96, 34, 48, 76]
[36, 86, 58, 14, 30, 60, 72, 49, 77, 77, 47, 71, 57, 73, 83, 73, 26, 85, 81, 13, 54, 67, 13, 55, 21, 8, 54, 88, 55, 9, 16, 96, 22, 13, 26, 87, 25, 50, 31, 85, 73, 71, 66, 67, 22, 42, 36, 43, 60, 70, 71, 79, 60, 60, 42, 95, 40, 10, 83, 92, 65, 18, 46, 49, 41, 48, 14, 33, 62, 31, 55, 28, 62, 22, 39, 19, 21, 79, 33, 45, 0, 26, 40, 69, 22, 37, 37, 69, 51, 40, 79, 80, 57, 64, 4, 33, 23, 51, 36, 50, 49, 11, 59, 56, 91, 48, 41, 31, 69, 73, 11, 51, 32]
[20, 65, 44, 38, 32, 34, 48, 59, 56, 59, 58, 57, 61, 50, 58, 48, 36, 60, 56, 25, 68, 42, 26, 56, 6, 34, 51, 63, 29, 27, 42, 81, 4, 13, 30, 70, 10, 31, 13, 66, 47, 49, 40, 67, 25, 55, 16, 25, 34, 55, 63, 69, 45, 50, 60, 83, 42, 32, 62, 77, 45, 42, 29, 29, 19, 54, 39, 14, 65, 24, 30, 3, 45, 9, 20, 27, 38, 55, 37, 32, 26, 0, 44, 54, 17, 13, 48, 59, 62, 32, 60, 56, 31, 39, 27, 24, 23, 55, 18, 29, 47, 26, 35, 53, 74, 30, 17, 33, 45, 65, 18, 27, 52]
[32, 67, 34, 51, 12, 66, 66, 18, 63, 53, 18, 44, 18, 63, 75, 71, 66, 96, 75, 27, 30, 79, 52, 16, 38, 45, 17, 96, 62, 30, 40, 66, 44, 42, 64, 60, 34, 75, 35, 65, 79, 56, 71, 27, 20, 18, 35, 68, 70, 44, 36, 45, 37, 30, 29, 62, 2, 32, 63, 61, 50, 37, 33, 38, 63, 11, 48, 58, 22, 64, 69, 47, 42, 35, 35, 21, 60, 69, 7, 75, 40, 44, 0, 44, 27, 43, 77, 36, 21, 19, 58, 72, 69, 63, 44, 65, 21, 12, 62, 73, 12, 50, 56, 19, 64, 34, 60, 68, 62, 37, 45, 50, 29]
[35, 25, 12, 83, 44, 49, 35, 58, 23, 9, 60, 4, 47, 29, 40, 42, 89, 74, 42, 58, 72, 64, 76, 38, 53, 77, 30, 71, 49, 63, 77, 27, 57, 63, 83, 17, 47, 75, 42, 21, 57, 20, 51, 42, 49, 62, 37, 71, 55, 2, 21, 20, 9, 15, 73, 30, 42, 67, 20, 23, 16, 76, 25, 25, 65, 50, 82, 65, 47, 77, 59, 55, 10, 50, 34, 54, 88, 33, 46, 82, 69, 54, 44, 0, 48, 42, 101, 15, 62, 30, 14, 37, 57, 39, 73, 77, 48, 46, 68, 72, 34, 76, 34, 30, 22, 23, 60, 86, 31, 23, 68, 35, 72]
[15, 64, 36, 36, 15, 45, 53, 43, 56, 55, 42, 50, 45, 53, 64, 55, 43, 74, 62, 13, 52, 56, 30, 40, 11, 30, 36, 75, 41, 17, 33, 74, 17, 17, 39, 65, 8, 48, 12, 64, 59, 49, 51, 52, 9, 39, 15, 41, 48, 49, 52, 59, 38, 40, 45, 74, 26, 22, 61, 70, 44, 32, 24, 27, 36, 38, 35, 30, 49, 37, 45, 20, 40, 8, 18, 12, 41, 59, 21, 48, 22, 17, 27, 48, 0, 20, 55, 48, 46, 19, 57, 61, 45, 46, 26, 38, 7, 39, 35, 46, 32, 29, 40, 39, 69, 26, 34, 43, 49, 53, 21, 33, 37]
[12, 52, 34, 50, 32, 25, 35, 60, 43, 47, 60, 46, 59, 37, 46, 36, 48, 54, 44, 33, 71, 36, 39, 52, 16, 45, 45, 55, 21, 36, 51, 69, 17, 25, 42, 58, 13, 35, 8, 53, 38, 36, 31, 63, 28, 57, 8, 30, 28, 44, 55, 59, 34, 41, 65, 72, 41, 41, 49, 66, 32, 51, 19, 17, 24, 54, 51, 22, 62, 35, 26, 14, 33, 15, 10, 32, 51, 43, 38, 40, 37, 13, 43, 42, 20, 0, 61, 49, 64, 26, 48, 43, 26, 27, 39, 34, 26, 53, 25, 32, 43, 39, 22, 47, 62, 20, 19, 45, 32, 57, 31, 14, 58]
[67, 113, 91, 29, 67, 75, 93, 85, 103, 107, 83, 104, 94, 97, 104, 92, 13, 90, 101, 50, 87, 74, 26, 93, 48, 34, 91, 96, 71, 47, 44, 128, 44, 39, 19, 118, 54, 48, 60, 114, 85, 97, 80, 104, 58, 77, 64, 45, 72, 103, 107, 114, 92, 95, 74, 129, 77, 46, 110, 125, 93, 47, 77, 77, 48, 85, 33, 42, 99, 30, 65, 48, 92, 51, 68, 56, 17, 102, 70, 37, 37, 48, 77, 101, 55, 61, 0, 104, 87, 75, 108, 101, 68, 84, 33, 31, 59, 88, 42, 51, 86, 27, 81, 93, 122, 78, 52, 18, 92, 109, 34, 74, 64]
[39, 39, 16, 82, 40, 61, 49, 47, 38, 23, 49, 12, 34, 43, 55, 56, 91, 88, 57, 56, 61, 76, 78, 26, 56, 76, 19, 85, 60, 61, 74, 30, 61, 65, 87, 25, 50, 84, 46, 34, 70, 34, 64, 27, 47, 52, 43, 79, 67, 13, 6, 11, 17, 9, 64, 27, 34, 64, 34, 25, 30, 72, 30, 33, 73, 39, 80, 71, 34, 82, 70, 61, 22, 53, 40, 51, 89, 48, 40, 89, 69, 59, 36, 15, 48, 49, 104, 0, 50, 29, 28, 52, 68, 52, 73, 82, 46, 34, 75, 81, 25, 77, 47, 18, 29, 30, 68, 90, 45, 8, 70, 46, 65]
[53, 86, 53, 58, 31, 87, 87, 4, 82, 71, 4, 61, 17, 84, 96, 92, 77, 117, 96, 40, 10, 100, 64, 24, 56, 53, 32, 117, 83, 42, 44, 80, 62, 58, 77, 76, 53, 93, 55, 83, 100, 76, 92, 28, 37, 9, 56, 87, 91, 61, 48, 57, 56, 47, 18, 73, 23, 41, 82, 74, 70, 40, 54, 60, 82, 12, 54, 76, 20, 80, 89, 66, 61, 54, 56, 36, 69, 90, 26, 92, 51, 62, 21, 62, 46, 64, 87, 50, 0, 40, 76, 93, 89, 84, 55, 81, 39, 16, 80, 92, 28, 62, 77, 33, 80, 55, 79, 82, 82, 48, 59, 71, 25]
[14, 51, 19, 54, 14, 48, 47, 37, 45, 39, 37, 32, 33, 44, 56, 51, 62, 77, 56, 28, 49, 61, 49, 26, 28, 47, 19, 77, 44, 33, 47, 56, 34, 36, 58, 48, 22, 61, 20, 49, 60, 38, 52, 36, 19, 37, 18, 55, 52, 31, 32, 40, 21, 21, 47, 55, 17, 37, 47, 52, 32, 45, 14, 19, 49, 29, 52, 46, 36, 55, 52, 35, 25, 25, 17, 23, 60, 51, 18, 64, 40, 32, 19, 30, 19, 26, 75, 29, 40, 0, 42, 53, 51, 44, 44, 55, 17, 28, 49, 58, 16, 48, 37, 21, 52, 15, 45, 62, 43, 34, 41, 31, 43]
[43, 11, 24, 93, 56, 47, 28, 72, 13, 5, 73, 16, 61, 21, 29, 35, 96, 68, 33, 69, 86, 61, 85, 52, 61, 87, 44, 63, 48, 73, 89, 23, 64, 71, 90, 12, 55, 77, 49, 7, 51, 14, 47, 55, 60, 75, 45, 74, 53, 15, 33, 29, 21, 29, 87, 32, 55, 78, 6, 23, 16, 87, 33, 31, 68, 64, 93, 69, 61, 82, 59, 61, 17, 59, 41, 65, 97, 24, 59, 85, 79, 60, 58, 14, 57, 48, 108, 28, 76, 42, 0, 28, 56, 35, 82, 81, 58, 59, 72, 73, 48, 85, 33, 43, 16, 31, 63, 92, 25, 35, 76, 37, 85]
[46, 21, 41, 93, 66, 28, 8, 89, 15, 32, 90, 41, 81, 9, 3, 11, 89, 41, 5, 74, 102, 38, 81, 72, 59, 88, 63, 36, 31, 77, 93, 49, 60, 68, 83, 39, 55, 60, 49, 26, 26, 18, 25, 78, 67, 90, 45, 59, 33, 39, 58, 56, 38, 50, 100, 59, 70, 82, 23, 50, 23, 93, 40, 35, 55, 81, 94, 59, 82, 72, 40, 55, 33, 58, 43, 72, 94, 4, 71, 70, 80, 56, 72, 37, 61, 43, 101, 52, 93, 53, 28, 0, 37, 17, 82, 71, 65, 78, 60, 56, 65, 82, 21, 64, 41, 38, 50, 83, 11, 60, 74, 29, 96]
[37, 55, 52, 67, 58, 9, 30, 86, 45, 57, 85, 61, 84, 37, 39, 26, 57, 29, 35, 56, 97, 11, 53, 77, 37, 64, 69, 31, 8, 59, 73, 79, 34, 43, 50, 68, 37, 24, 34, 58, 17, 42, 12, 86, 54, 83, 34, 23, 4, 59, 74, 76, 51, 61, 90, 86, 67, 63, 54, 78, 41, 73, 40, 35, 20, 79, 70, 27, 87, 38, 4, 29, 47, 38, 34, 57, 64, 39, 64, 34, 57, 31, 69, 57, 45, 26, 68, 68, 89, 51, 56, 37, 0, 21, 57, 36, 52, 79, 26, 19, 67, 54, 23, 70, 71, 40, 17, 50, 31, 76, 47, 22, 82]
[33, 34, 38, 77, 55, 12, 10, 81, 24, 37, 81, 43, 75, 16, 20, 9, 72, 36, 17, 59, 93, 25, 64, 67, 43, 72, 58, 34, 14, 63, 79, 59, 43, 52, 65, 48, 40, 44, 34, 37, 18, 22, 12, 75, 54, 80, 31, 42, 18, 41, 59, 59, 36, 47, 89, 67, 61, 68, 34, 58, 23, 78, 30, 25, 37, 73, 78, 42, 77, 55, 24, 38, 31, 43, 30, 58, 77, 19, 60, 53, 64, 39, 63, 39, 46, 27, 84, 52, 84, 44, 35, 17, 21, 0, 66, 53, 51, 71, 42, 40, 58, 65, 7, 59, 51, 29, 33, 66, 10, 61, 57, 14, 83]
[40, 89, 62, 11, 34, 61, 74, 53, 80, 80, 51, 75, 62, 76, 85, 75, 22, 85, 83, 17, 57, 67, 9, 60, 23, 7, 59, 89, 56, 14, 18, 100, 23, 14, 22, 90, 28, 48, 34, 89, 73, 73, 66, 71, 26, 46, 38, 42, 61, 74, 76, 83, 64, 65, 45, 99, 44, 14, 86, 95, 68, 20, 49, 52, 40, 52, 12, 32, 66, 29, 55, 29, 65, 25, 42, 23, 16, 81, 37, 42, 4, 27, 44, 73, 26, 39, 33, 73, 55, 44, 82, 82, 57, 66, 0, 31, 27, 56, 35, 48, 53, 7, 61, 61, 95, 51, 41, 27, 71, 77, 10, 53, 35]
[43, 84, 67, 38, 53, 44, 63, 79, 74, 81, 77, 80, 83, 67, 73, 61, 21, 60, 70, 41, 85, 43, 23, 79, 27, 37, 74, 65, 40, 40, 49, 103, 22, 23, 14, 92, 33, 19, 36, 86, 53, 69, 48, 90, 45, 73, 40, 14, 41, 78, 87, 93, 68, 74, 74, 106, 64, 43, 82, 100, 66, 50, 52, 51, 16, 75, 41, 12, 87, 2, 33, 21, 67, 31, 43, 45, 30, 72, 58, 12, 33, 24, 65, 77, 38, 34, 31, 82, 81, 55, 81, 71, 36, 53, 31, 0, 44, 77, 11, 21, 70, 25, 51, 76, 96, 54, 21, 13, 62, 89, 23, 45, 65]
[19, 66, 36, 36, 9, 51, 57, 36, 59, 55, 35, 49, 39, 57, 68, 60, 47, 80, 67, 11, 45, 62, 33, 35, 17, 30, 32, 81, 47, 15, 30, 74, 23, 22, 44, 65, 14, 54, 18, 65, 64, 52, 57, 47, 2, 32, 20, 48, 54, 48, 49, 57, 38, 38, 38, 73, 20, 20, 63, 69, 46, 29, 26, 30, 43, 31, 35, 37, 43, 43, 51, 27, 41, 15, 22, 7, 43, 63, 14, 54, 23, 23, 21, 48, 7, 26, 59, 46, 39, 17, 58, 65, 52, 51, 27, 44, 0, 33, 41, 53, 27, 32, 45, 34, 69, 28, 40, 48, 53, 50, 25, 38, 32]
[42, 70, 37, 61, 24, 75, 72, 13, 67, 55, 15, 44, 6, 69, 81, 78, 77, 105, 82, 39, 26, 89, 64, 8, 50, 55, 16, 104, 72, 42, 49, 64, 56, 54, 76, 60, 46, 86, 46, 66, 87, 61, 80, 16, 32, 19, 45, 80, 80, 45, 32, 41, 40, 31, 31, 57, 13, 43, 66, 58, 55, 46, 41, 46, 74, 5, 59, 69, 10, 76, 79, 59, 46, 47, 45, 33, 72, 75, 19, 87, 51, 55, 12, 46, 39, 53, 88, 34, 16, 28, 59, 78, 79, 71, 56, 77, 33, 0, 73, 84, 13, 62, 64, 16, 63, 42, 71, 80, 68, 32, 57, 59, 34]
[36, 74, 59, 44, 50, 33, 52, 77, 64, 71, 76, 71, 79, 57, 62, 50, 31, 51, 59, 41, 85, 34, 29, 74, 24, 42, 68, 56, 29, 41, 52, 94, 18, 24, 24, 83, 28, 14, 29, 76, 43, 59, 38, 85, 42, 72, 32, 7, 30, 69, 80, 85, 59, 66, 75, 98, 60, 45, 72, 91, 56, 54, 44, 43, 6, 72, 47, 4, 83, 12, 23, 15, 58, 26, 35, 44, 39, 61, 55, 15, 36, 18, 62, 68, 35, 25, 42, 75, 80, 49, 72, 60, 26, 42, 35, 11, 41, 73, 0, 13, 65, 30, 41, 70, 87, 45, 10, 24, 51, 82, 25, 35, 66]
[44, 73, 65, 57, 61, 28, 50, 89, 63, 73, 87, 75, 90, 55, 58, 46, 42, 39, 54, 54, 97, 23, 42, 84, 35, 55, 77, 45, 25, 54, 66, 96, 30, 37, 35, 85, 39, 4, 38, 76, 35, 59, 31, 94, 54, 84, 40, 7, 23, 73, 86, 90, 64, 73, 88, 101, 71, 58, 72, 94, 58, 67, 50, 47, 10, 83, 60, 17, 93, 23, 16, 26, 62, 38, 42, 56, 51, 58, 66, 15, 50, 29, 73, 72, 46, 32, 51, 81, 92, 58, 73, 56, 19, 40, 48, 21, 53, 84, 13, 0, 74, 44, 40, 79, 88, 51, 13, 33, 50, 88, 39, 36, 79]
[31, 58, 25, 61, 19, 64, 59, 25, 54, 43, 26, 33, 17, 56, 68, 65, 74, 93, 69, 36, 38, 77, 60, 9, 43, 55, 6, 92, 60, 40, 51, 55, 49, 49, 71, 49, 37, 77, 36, 55, 75, 48, 68, 20, 27, 28, 35, 71, 68, 33, 25, 34, 28, 19, 40, 50, 10, 42, 53, 49, 42, 48, 28, 34, 65, 16, 59, 61, 19, 69, 68, 50, 33, 39, 34, 30, 70, 62, 17, 79, 49, 47, 12, 34, 32, 43, 86, 25, 28, 16, 48, 65, 67, 58, 53, 70, 27, 13, 65, 74, 0, 59, 51, 8, 53, 29, 61, 75, 55, 26, 52, 47, 40]
[42, 90, 65, 13, 40, 59, 74, 60, 81, 82, 58, 78, 68, 76, 85, 74, 16, 81, 82, 23, 64, 63, 2, 66, 24, 12, 64, 85, 54, 20, 24, 103, 22, 14, 15, 93, 30, 43, 35, 90, 71, 75, 64, 77, 31, 53, 40, 37, 58, 77, 80, 88, 67, 69, 52, 103, 50, 21, 87, 99, 70, 26, 52, 53, 36, 59, 16, 28, 72, 23, 52, 27, 68, 26, 43, 29, 13, 82, 43, 36, 11, 26, 50, 76, 29, 39, 27, 77, 62, 48, 85, 82, 54, 65, 7, 25, 32, 62, 30, 44, 59, 0, 61, 66, 98, 53, 37, 20, 71, 82, 9, 53, 42]
[26, 33, 31, 72, 48, 15, 13, 74, 23, 34, 74, 38, 68, 16, 24, 15, 69, 42, 22, 53, 86, 30, 60, 60, 38, 67, 51, 40, 15, 57, 73, 56, 39, 47, 62, 45, 34, 44, 28, 36, 24, 19, 17, 68, 47, 73, 25, 42, 21, 36, 53, 54, 30, 41, 82, 63, 54, 62, 32, 55, 18, 72, 23, 18, 36, 66, 73, 39, 70, 52, 26, 34, 25, 37, 23, 52, 73, 21, 53, 53, 59, 35, 56, 34, 40, 22, 81, 47, 77, 37, 33, 21, 23, 7, 61, 51, 45, 64, 41, 40, 51, 61, 0, 52, 48, 22, 31, 64, 11, 55, 52, 8, 77]
[35, 54, 23, 69, 26, 66, 59, 29, 52, 39, 31, 28, 17, 54, 67, 65, 81, 94, 68, 43, 43, 80, 67, 9, 49, 62, 2, 93, 63, 48, 59, 48, 55, 56, 78, 43, 43, 82, 41, 50, 76, 46, 69, 16, 35, 34, 39, 76, 71, 29, 17, 26, 25, 15, 46, 43, 18, 50, 50, 42, 40, 56, 30, 35, 70, 21, 66, 67, 18, 76, 72, 56, 31, 46, 37, 38, 77, 60, 25, 85, 56, 53, 19, 30, 39, 47, 93, 18, 33, 21, 43, 64, 70, 59, 61, 76, 34, 16, 70, 79, 8, 66, 52, 0, 47, 31, 66, 82, 55, 18, 59, 49, 47]
[56, 20, 34, 105, 66, 62, 43, 76, 27, 16, 78, 21, 63, 36, 42, 50, 110, 82, 46, 80, 90, 76, 98, 55, 74, 99, 48, 77, 64, 85, 99, 8, 78, 84, 104, 4, 68, 92, 63, 15, 66, 30, 63, 55, 71, 81, 58, 89, 69, 21, 32, 25, 31, 34, 93, 19, 62, 89, 18, 10, 31, 97, 46, 45, 83, 68, 104, 84, 62, 97, 74, 76, 30, 72, 55, 76, 110, 37, 67, 100, 91, 74, 64, 22, 69, 62, 122, 29, 80, 52, 16, 41, 71, 51, 95, 96, 69, 63, 87, 88, 53, 98, 48, 47, 0, 44, 78, 107, 41, 33, 89, 52, 93]
[12, 38, 14, 62, 28, 35, 31, 52, 31, 29, 52, 26, 46, 29, 41, 36, 65, 64, 41, 38, 65, 49, 54, 38, 30, 56, 30, 62, 32, 43, 58, 50, 34, 40, 60, 40, 24, 54, 18, 38, 46, 24, 38, 47, 30, 52, 14, 49, 40, 25, 35, 40, 14, 22, 62, 53, 32, 47, 35, 47, 18, 57, 2, 4, 43, 44, 61, 42, 48, 54, 41, 32, 14, 27, 11, 35, 66, 36, 33, 60, 48, 30, 34, 23, 26, 20, 78, 30, 55, 15, 31, 38, 40, 29, 51, 54, 28, 42, 45, 51, 29, 53, 22, 31, 44, 0, 38, 63, 27, 37, 45, 18, 58]
[31, 64, 52, 51, 48, 24, 43, 76, 55, 63, 75, 64, 77, 47, 52, 40, 40, 44, 49, 43, 86, 26, 36, 71, 24, 47, 64, 48, 19, 44, 57, 85, 19, 27, 33, 74, 26, 16, 25, 66, 34, 50, 28, 81, 42, 72, 27, 11, 21, 62, 74, 78, 52, 60, 77, 90, 58, 48, 63, 83, 47, 58, 38, 35, 5, 71, 53, 10, 80, 22, 15, 14, 50, 26, 29, 45, 47, 51, 54, 22, 41, 17, 60, 60, 34, 19, 52, 68, 79, 45, 63, 50, 17, 33, 41, 21, 40, 71, 10, 13, 61, 37, 31, 66, 78, 38, 0, 34, 42, 76, 31, 26, 69]
[52, 96, 76, 31, 57, 57, 76, 80, 86, 91, 78, 89, 86, 80, 86, 74, 9, 73, 83, 42, 85, 56, 18, 83, 34, 32, 80, 78, 52, 40, 44, 113, 29, 27, 5, 103, 40, 31, 45, 97, 66, 80, 61, 95, 49, 73, 49, 27, 54, 88, 95, 101, 77, 82, 73, 115, 68, 41, 94, 110, 77, 46, 62, 62, 30, 78, 34, 24, 91, 11, 46, 31, 77, 37, 52, 48, 21, 84, 61, 21, 31, 33, 68, 86, 43, 45, 18, 90, 82, 62, 92, 83, 50, 66, 27, 13, 48, 80, 24, 33, 75, 20, 64, 82, 107, 63, 34, 0, 74, 96, 23, 57, 63]
[35, 24, 32, 82, 55, 22, 4, 79, 14, 28, 79, 35, 71, 6, 14, 11, 79, 43, 14, 63, 92, 35, 71, 63, 48, 77, 54, 40, 24, 66, 82, 49, 49, 58, 73, 38, 44, 54, 38, 27, 26, 12, 22, 70, 56, 79, 34, 52, 28, 33, 52, 51, 30, 41, 89, 57, 59, 71, 23, 49, 15, 82, 29, 24, 46, 71, 83, 50, 73, 63, 34, 45, 24, 47, 31, 60, 83, 10, 60, 63, 69, 45, 62, 31, 49, 32, 92, 45, 82, 43, 25, 11, 31, 10, 71, 62, 53, 68, 51, 50, 55, 71, 11, 55, 41, 27, 42, 74, 0, 53, 63, 18, 84]
[46, 45, 24, 86, 43, 69, 57, 45, 46, 30, 47, 19, 31, 51, 62, 64, 96, 96, 65, 60, 58, 84, 83, 24, 62, 79, 20, 93, 68, 64, 76, 32, 68, 70, 92, 30, 56, 92, 53, 40, 78, 42, 72, 22, 51, 51, 49, 86, 75, 21, 2, 9, 25, 15, 63, 25, 36, 67, 41, 26, 38, 74, 38, 41, 80, 38, 84, 78, 29, 89, 78, 67, 30, 59, 47, 54, 94, 56, 42, 96, 73, 65, 37, 23, 53, 57, 109, 8, 48, 34, 35, 60, 76, 61, 77, 89, 50, 32, 82, 88, 26, 82, 55, 18, 33, 37, 76, 96, 53, 0, 75, 54, 65]
[33, 82, 57, 20, 34, 52, 65, 57, 73, 74, 55, 70, 63, 68, 76, 66, 22, 75, 74, 19, 63, 57, 9, 60, 15, 17, 57, 79, 47, 17, 27, 95, 14, 5, 19, 85, 21, 39, 27, 82, 64, 66, 57, 71, 25, 50, 31, 33, 51, 69, 73, 80, 58, 61, 52, 95, 45, 20, 79, 91, 61, 28, 43, 45, 30, 54, 22, 22, 67, 21, 45, 19, 59, 17, 35, 24, 21, 73, 38, 34, 11, 18, 45, 68, 21, 31, 34, 70, 59, 41, 76, 74, 47, 57, 10, 23, 25, 57, 25, 39, 52, 9, 52, 59, 89, 45, 31, 23, 63, 75, 0, 45, 42]
[19, 39, 30, 64, 41, 17, 21, 68, 30, 37, 68, 39, 64, 23, 32, 23, 61, 46, 30, 46, 80, 31, 52, 56, 30, 59, 48, 45, 14, 49, 65, 60, 31, 39, 55, 49, 26, 40, 21, 41, 28, 24, 21, 65, 40, 67, 17, 37, 22, 37, 52, 55, 29, 39, 75, 65, 48, 54, 38, 58, 22, 65, 19, 14, 31, 60, 65, 33, 66, 46, 24, 27, 26, 29, 16, 44, 65, 29, 47, 48, 51, 27, 50, 35, 33, 14, 74, 46, 71, 31, 37, 29, 22, 14, 53, 45, 38, 59, 35, 36, 47, 53, 8, 49, 52, 18, 26, 57, 18, 54, 45, 0, 69]
[50, 94, 61, 35, 30, 83, 88, 25, 88, 81, 22, 72, 38, 87, 99, 92, 56, 111, 98, 26, 23, 93, 44, 42, 45, 31, 46, 113, 78, 25, 20, 95, 50, 43, 57, 89, 45, 80, 49, 92, 96, 81, 88, 50, 30, 16, 52, 73, 85, 72, 65, 74, 64, 59, 10, 90, 30, 22, 90, 89, 75, 17, 56, 61, 70, 29, 31, 62, 43, 63, 81, 54, 68, 44, 54, 25, 47, 93, 26, 76, 32, 52, 29, 72, 37, 58, 64, 65, 25, 43, 85, 96, 82, 83, 35, 65, 32, 34, 66, 79, 40, 42, 77, 47, 93, 58, 69, 63, 84, 65, 42, 69, 0]
