Location coordinates of network setup:
[(0, 0), (-12, -31), (-17, -7), (16, -41), (33, 8), (-25, -30), (46, 43), (34, -27), (40, -45), (-4, 25), (-11, -18), (-49, 20), (-28, -22), (-13, -29), (0, 39), (-15, 7), (-42, 40), (0, 3), (7, -14), (-41, -32), (41, -41), (9, 40), (-50, 47), (26, -27), (9, 14), (45, -50), (43, -31), (-33, -45), (19, 14), (-44, 42), (-33, -39), (-4, -12), (-14, -29), (22, -9), (31, 48), (17, 28), (-47, 9), (-7, -49), (-18, -41), (-21, 30), (18, 12), (-38, -45), (11, 48), (-14, 16), (-41, 42), (5, -37)]

Depot Index: 0

Customer node indices: [1, 2, 3, 4, 5, 6, 7, 8, 9, 10, 11, 12, 13, 14, 15, 16, 17, 18, 19, 20, 21, 22, 23, 24, 25, 26, 27, 28, 29, 30]

Charging station indices: [31, 32, 33, 34, 35, 36, 37, 38, 39, 40, 41, 42, 43, 44, 45]

Random service times: [0, 13, 15, 15, 13, 14, 14, 12, 11, 15, 10, 10, 12, 13, 12, 15, 11, 13, 13, 15, 10, 10, 14, 14, 15, 11, 12, 13, 11, 13, 11, 0, 0, 0, 0, 0, 0, 0, 0, 0, 0, 0, 0, 0, 0, 0]

Time Windows: [(0, 1000), (1, 500), (33, 500), (25, 500), (8, 500), (4, 500), (47, 500), (15, 500), (33, 500), (5, 500), (20, 500), (21, 500), (0, 500), (16, 500), (17, 500), (5, 500), (14, 500), (11, 500), (39, 500), (21, 500), (27, 500), (15, 500), (35, 500), (30, 500), (1, 500), (6, 500), (23, 500), (45, 500), (21, 500), (28, 500), (9, 500), (0, 1000), (0, 1000), (0, 1000), (0, 1000), (0, 1000), (0, 1000), (0, 1000), (0, 1000), (0, 1000), (0, 1000), (0, 1000), (0, 1000), (0, 1000), (0, 1000), (0, 1000)]

Demands: [0, 2, 7, 4, 7, 1, 2, 8, 1, 9, 10, 9, 6, 2, 5, 8, 7, 5, 7, 5, 7, 6, 10, 6, 10, 7, 3, 6, 3, 2, 2, 0, 0, 0, 0, 0, 0, 0, 0, 0, 0, 0, 0, 0, 0, 0]

Vehicle Capacities: [30, 30, 25, 25, 28, 29, 29, 29, 30, 25, 28, 26]

Battery Capacities: [100, 100, 100, 100, 100, 100, 100, 100, 100, 100, 100, 100]

Distance Matrix:
[0, 33, 18, 44, 34, 39, 63, 43, 60, 25, 21, 53, 36, 32, 39, 17, 58, 3, 16, 52, 58, 41, 69, 37, 17, 67, 53, 56, 24, 61, 51, 13, 32, 24, 57, 33, 48, 49, 45, 37, 22, 59, 49, 21, 59, 37]
[33, 0, 25, 30, 60, 13, 94, 46, 54, 57, 13, 63, 18, 2, 71, 38, 77, 36, 25, 29, 54, 74, 87, 38, 50, 60, 55, 25, 55, 80, 22, 21, 3, 40, 90, 66, 53, 19, 12, 62, 52, 30, 82, 47, 79, 18]
[18, 25, 0, 47, 52, 24, 80, 55, 69, 35, 13, 42, 19, 22, 49, 14, 53, 20, 25, 35, 67, 54, 63, 47, 33, 75, 65, 41, 42, 56, 36, 14, 22, 39, 73, 49, 34, 43, 34, 37, 40, 43, 62, 23, 55, 37]
[44, 30, 47, 0, 52, 42, 89, 23, 24, 69, 35, 89, 48, 31, 82, 57, 100, 47, 28, 58, 25, 81, 110, 17, 55, 30, 29, 49, 55, 102, 49, 35, 32, 33, 90, 69, 80, 24, 34, 80, 53, 54, 89, 64, 101, 12]
[34, 60, 52, 52, 0, 69, 37, 35, 53, 41, 51, 83, 68, 59, 45, 48, 82, 33, 34, 84, 50, 40, 92, 36, 25, 59, 40, 85, 15, 84, 81, 42, 60, 20, 40, 26, 80, 70, 71, 58, 16, 89, 46, 48, 81, 53]
[39, 13, 24, 42, 69, 0, 102, 59, 67, 59, 18, 55, 9, 12, 73, 38, 72, 41, 36, 16, 67, 78, 81, 51, 56, 73, 68, 17, 62, 74, 12, 28, 11, 51, 96, 72, 45, 26, 13, 60, 60, 20, 86, 47, 74, 31]
[63, 94, 80, 89, 37, 102, 0, 71, 88, 53, 83, 98, 98, 93, 46, 71, 88, 61, 69, 115, 84, 37, 96, 73, 47, 93, 74, 118, 40, 90, 114, 74, 94, 57, 16, 33, 99, 106, 106, 68, 42, 122, 35, 66, 87, 90]
[43, 46, 55, 23, 35, 59, 71, 0, 19, 64, 46, 95, 62, 47, 74, 60, 101, 45, 30, 75, 16, 72, 112, 8, 48, 25, 10, 69, 44, 104, 68, 41, 48, 22, 75, 58, 89, 47, 54, 79, 42, 74, 78, 64, 102, 31]
[60, 54, 69, 24, 53, 67, 88, 19, 0, 83, 58, 110, 72, 55, 93, 76, 118, 62, 45, 82, 4, 90, 129, 23, 67, 7, 14, 73, 63, 121, 73, 55, 56, 40, 93, 77, 102, 47, 58, 97, 61, 78, 97, 81, 119, 36]
[25, 57, 35, 69, 41, 59, 53, 64, 83, 0, 44, 45, 53, 55, 15, 21, 41, 22, 41, 68, 80, 20, 51, 60, 17, 90, 73, 76, 25, 43, 70, 37, 55, 43, 42, 21, 46, 74, 67, 18, 26, 78, 27, 13, 41, 63]
[21, 13, 13, 35, 51, 18, 83, 46, 58, 44, 0, 54, 17, 11, 58, 25, 66, 24, 18, 33, 57, 61, 76, 38, 38, 64, 56, 35, 44, 68, 30, 9, 11, 34, 78, 54, 45, 31, 24, 49, 42, 38, 70, 34, 67, 25]
[53, 63, 42, 89, 83, 55, 98, 95, 110, 45, 54, 0, 47, 61, 53, 36, 21, 52, 66, 53, 109, 61, 27, 89, 58, 117, 105, 67, 68, 23, 61, 55, 60, 77, 85, 66, 11, 81, 68, 30, 67, 66, 66, 35, 23, 79]
[36, 18, 19, 48, 68, 9, 98, 62, 72, 53, 17, 47, 0, 17, 67, 32, 64, 38, 36, 16, 72, 72, 72, 54, 52, 78, 72, 24, 59, 66, 18, 26, 16, 52, 92, 67, 36, 34, 21, 52, 57, 25, 80, 40, 65, 36]
[32, 2, 22, 31, 59, 12, 93, 47, 55, 55, 11, 61, 17, 0, 69, 36, 75, 35, 25, 28, 55, 72, 85, 39, 48, 62, 56, 26, 54, 77, 22, 19, 1, 40, 89, 64, 51, 21, 13, 60, 51, 30, 81, 45, 76, 20]
[39, 71, 49, 82, 45, 73, 46, 74, 93, 15, 58, 53, 67, 69, 0, 35, 42, 36, 53, 82, 90, 9, 51, 71, 27, 100, 82, 90, 31, 44, 85, 51, 69, 53, 32, 20, 56, 88, 82, 23, 32, 92, 14, 27, 41, 76]
[17, 38, 14, 57, 48, 38, 71, 60, 76, 21, 25, 36, 32, 36, 35, 0, 43, 16, 30, 47, 74, 41, 53, 53, 25, 83, 69, 55, 35, 45, 49, 22, 36, 40, 62, 38, 32, 57, 48, 24, 33, 57, 49, 9, 44, 48]
[58, 77, 53, 100, 82, 72, 88, 101, 118, 41, 66, 21, 64, 75, 42, 43, 0, 56, 73, 72, 116, 51, 11, 95, 57, 125, 111, 85, 66, 3, 80, 64, 74, 81, 73, 60, 31, 96, 84, 23, 66, 85, 54, 37, 2, 90]
[3, 36, 20, 47, 33, 41, 61, 45, 62, 22, 24, 52, 38, 35, 36, 16, 56, 0, 18, 54, 60, 38, 67, 40, 14, 70, 55, 58, 22, 59, 53, 16, 35, 25, 55, 30, 47, 52, 48, 34, 20, 61, 46, 19, 57, 40]
[16, 25, 25, 28, 34, 36, 69, 30, 45, 41, 18, 66, 36, 25, 53, 30, 73, 18, 0, 51, 43, 54, 83, 23, 28, 52, 40, 51, 30, 76, 47, 11, 26, 16, 66, 43, 59, 38, 37, 52, 28, 55, 62, 37, 74, 23]
[52, 29, 35, 58, 84, 16, 115, 75, 82, 68, 33, 53, 16, 28, 82, 47, 72, 54, 51, 0, 82, 88, 80, 67, 68, 88, 84, 15, 76, 74, 11, 42, 27, 67, 108, 83, 41, 38, 25, 65, 74, 13, 95, 55, 74, 46]
[58, 54, 67, 25, 50, 67, 84, 16, 4, 80, 57, 109, 72, 55, 90, 74, 116, 60, 43, 82, 0, 87, 127, 21, 64, 10, 10, 74, 59, 119, 74, 54, 56, 37, 90, 73, 101, 49, 59, 94, 58, 79, 94, 79, 117, 36]
[41, 74, 54, 81, 40, 78, 37, 72, 90, 20, 61, 61, 72, 72, 9, 41, 51, 38, 54, 88, 87, 0, 59, 69, 26, 97, 79, 95, 28, 53, 89, 54, 73, 51, 23, 14, 64, 90, 85, 32, 29, 97, 8, 33, 50, 77]
[69, 87, 63, 110, 92, 81, 96, 112, 129, 51, 76, 27, 72, 85, 51, 53, 11, 67, 83, 80, 127, 59, 0, 106, 68, 136, 121, 94, 76, 8, 88, 75, 84, 91, 81, 70, 38, 105, 94, 34, 76, 93, 61, 48, 10, 100]
[37, 38, 47, 17, 36, 51, 73, 8, 23, 60, 38, 89, 54, 39, 71, 53, 95, 40, 23, 67, 21, 69, 106, 0, 44, 30, 17, 62, 42, 98, 60, 34, 40, 18, 75, 56, 81, 40, 46, 74, 40, 66, 76, 59, 96, 23]
[17, 50, 33, 55, 25, 56, 47, 48, 67, 17, 38, 58, 52, 48, 27, 25, 57, 14, 28, 68, 64, 26, 68, 44, 0, 73, 56, 72, 10, 60, 68, 29, 49, 26, 40, 16, 56, 65, 61, 34, 9, 75, 34, 23, 57, 51]
[67, 60, 75, 30, 59, 73, 93, 25, 7, 90, 64, 117, 78, 62, 100, 83, 125, 70, 52, 88, 10, 97, 136, 30, 73, 0, 19, 78, 69, 128, 79, 62, 63, 47, 99, 83, 109, 52, 64, 104, 68, 83, 104, 89, 126, 42]
[53, 55, 65, 29, 40, 68, 74, 10, 14, 73, 56, 105, 72, 56, 82, 69, 111, 55, 40, 84, 10, 79, 121, 17, 56, 19, 0, 77, 51, 114, 76, 51, 57, 30, 80, 64, 98, 53, 62, 88, 50, 82, 85, 74, 111, 38]
[56, 25, 41, 49, 85, 17, 118, 69, 73, 76, 35, 67, 24, 26, 90, 55, 85, 58, 51, 15, 74, 95, 94, 62, 72, 78, 77, 0, 79, 88, 6, 44, 25, 66, 113, 88, 56, 26, 16, 76, 76, 5, 103, 64, 87, 39]
[24, 55, 42, 55, 15, 62, 40, 44, 63, 25, 44, 68, 59, 54, 31, 35, 66, 22, 30, 76, 59, 28, 76, 42, 10, 69, 51, 79, 0, 69, 74, 35, 54, 23, 36, 14, 66, 68, 66, 43, 2, 82, 35, 33, 66, 53]
[61, 80, 56, 102, 84, 74, 90, 104, 121, 43, 68, 23, 66, 77, 44, 45, 3, 59, 76, 74, 119, 53, 8, 98, 60, 128, 114, 88, 69, 0, 82, 67, 77, 83, 75, 63, 33, 98, 87, 26, 69, 87, 55, 40, 3, 93]
[51, 22, 36, 49, 81, 12, 114, 68, 73, 70, 30, 61, 18, 22, 85, 49, 80, 53, 47, 11, 74, 89, 88, 60, 68, 79, 76, 6, 74, 82, 0, 40, 21, 63, 108, 84, 50, 28, 15, 70, 72, 8, 97, 58, 81, 38]
[13, 21, 14, 35, 42, 28, 74, 41, 55, 37, 9, 55, 26, 19, 51, 22, 64, 16, 11, 42, 54, 54, 75, 34, 29, 62, 51, 44, 35, 67, 40, 0, 20, 26, 69, 45, 48, 37, 32, 45, 33, 47, 62, 30, 65, 27]
[32, 3, 22, 32, 60, 11, 94, 48, 56, 55, 11, 60, 16, 1, 69, 36, 74, 35, 26, 27, 56, 73, 84, 40, 49, 63, 57, 25, 54, 77, 21, 20, 0, 41, 89, 65, 50, 21, 13, 59, 52, 29, 81, 45, 76, 21]
[24, 40, 39, 33, 20, 51, 57, 22, 40, 43, 34, 77, 52, 40, 53, 40, 81, 25, 16, 67, 37, 51, 91, 18, 26, 47, 30, 66, 23, 83, 63, 26, 41, 0, 58, 37, 71, 49, 51, 58, 21, 70, 58, 44, 81, 33]
[57, 90, 73, 90, 40, 96, 16, 75, 93, 42, 78, 85, 92, 89, 32, 62, 73, 55, 66, 108, 90, 23, 81, 75, 40, 99, 80, 113, 36, 75, 108, 69, 89, 58, 0, 24, 87, 104, 102, 55, 38, 116, 20, 55, 72, 89]
[33, 66, 49, 69, 26, 72, 33, 58, 77, 21, 54, 66, 67, 64, 20, 38, 60, 30, 43, 83, 73, 14, 70, 56, 16, 83, 64, 88, 14, 63, 84, 45, 65, 37, 24, 0, 67, 81, 77, 38, 16, 91, 21, 33, 60, 66]
[48, 53, 34, 80, 80, 45, 99, 89, 102, 46, 45, 11, 36, 51, 56, 32, 31, 47, 59, 41, 101, 64, 38, 81, 56, 109, 98, 56, 66, 33, 50, 48, 50, 71, 87, 67, 0, 70, 58, 33, 65, 55, 70, 34, 34, 69]
[49, 19, 43, 24, 70, 26, 106, 47, 47, 74, 31, 81, 34, 21, 88, 57, 96, 52, 38, 38, 49, 90, 105, 40, 65, 52, 53, 26, 68, 98, 28, 37, 21, 49, 104, 81, 70, 0, 14, 80, 66, 31, 99, 65, 97, 17]
[45, 12, 34, 34, 71, 13, 106, 54, 58, 67, 24, 68, 21, 13, 82, 48, 84, 48, 37, 25, 59, 85, 94, 46, 61, 64, 62, 16, 66, 87, 15, 32, 13, 51, 102, 77, 58, 14, 0, 71, 64, 20, 94, 57, 86, 23]
[37, 62, 37, 80, 58, 60, 68, 79, 97, 18, 49, 30, 52, 60, 23, 24, 23, 34, 52, 65, 94, 32, 34, 74, 34, 104, 88, 76, 43, 26, 70, 45, 59, 58, 55, 38, 33, 80, 71, 0, 43, 77, 37, 16, 23, 72]
[22, 52, 40, 53, 16, 60, 42, 42, 61, 26, 42, 67, 57, 51, 32, 33, 66, 20, 28, 74, 58, 29, 76, 40, 9, 68, 50, 76, 2, 69, 72, 33, 52, 21, 38, 16, 65, 66, 64, 43, 0, 80, 37, 32, 66, 51]
[59, 30, 43, 54, 89, 20, 122, 74, 78, 78, 38, 66, 25, 30, 92, 57, 85, 61, 55, 13, 79, 97, 93, 66, 75, 83, 82, 5, 82, 87, 8, 47, 29, 70, 116, 91, 55, 31, 20, 77, 80, 0, 105, 66, 87, 44]
[49, 82, 62, 89, 46, 86, 35, 78, 97, 27, 70, 66, 80, 81, 14, 49, 54, 46, 62, 95, 94, 8, 61, 76, 34, 104, 85, 103, 35, 55, 97, 62, 81, 58, 20, 21, 70, 99, 94, 37, 37, 105, 0, 41, 52, 85]
[21, 47, 23, 64, 48, 47, 66, 64, 81, 13, 34, 35, 40, 45, 27, 9, 37, 19, 37, 55, 79, 33, 48, 59, 23, 89, 74, 64, 33, 40, 58, 30, 45, 44, 55, 33, 34, 65, 57, 16, 32, 66, 41, 0, 37, 56]
[59, 79, 55, 101, 81, 74, 87, 102, 119, 41, 67, 23, 65, 76, 41, 44, 2, 57, 74, 74, 117, 50, 10, 96, 57, 126, 111, 87, 66, 3, 81, 65, 76, 81, 72, 60, 34, 97, 86, 23, 66, 87, 52, 37, 0, 91]
[37, 18, 37, 12, 53, 31, 90, 31, 36, 63, 25, 79, 36, 20, 76, 48, 90, 40, 23, 46, 36, 77, 100, 23, 51, 42, 38, 39, 53, 93, 38, 27, 21, 33, 89, 66, 69, 17, 23, 72, 51, 44, 85, 56, 91, 0]
