Location coordinates of network setup:
[(0, 0), (-6, 23), (-45, 26), (33, -46), (-39, 29), (-30, 5), (-37, -33), (-47, -13), (-7, -29), (-39, 18), (-10, 14), (26, -11), (2, 45), (-48, -30), (8, 27), (-5, -47)]

Depot Index: 0

Customer node indices: [1, 2, 3, 4, 5, 6, 7, 8, 9, 10]

Charging station indices: [11, 12, 13, 14, 15]

Random service times: [0, 4, 4, 5, 3, 2, 3, 5, 2, 2, 2, 0, 0, 0, 0, 0]

Time Windows: [(0, 1000), (35, 500), (17, 500), (39, 500), (34, 500), (0, 500), (42, 500), (34, 500), (0, 500), (28, 500), (17, 500), (0, 1000), (0, 1000), (0, 1000), (0, 1000), (0, 1000)]

Demands: [0, 7, 7, 5, 6, 3, 6, 9, 10, 4, 7, 0, 0, 0, 0, 0]
Vehicle type list: ['EV', 'EV', 'ICE', 'ICE']
Vehicle capacities: [25, 25, 25, 25]

Battery Capacities: [100, 100, None, None]

Distance Matrix:
[0, 24, 52, 57, 49, 30, 50, 49, 30, 43, 17, 28, 45, 57, 28, 47]
[24, 0, 39, 79, 34, 30, 64, 55, 52, 33, 10, 47, 23, 68, 15, 70]
[52, 39, 0, 106, 7, 26, 60, 39, 67, 10, 37, 80, 51, 56, 53, 83]
[57, 79, 106, 0, 104, 81, 71, 87, 43, 96, 74, 36, 96, 83, 77, 38]
[49, 34, 7, 104, 0, 26, 62, 43, 66, 11, 33, 76, 44, 60, 47, 83]
[30, 30, 26, 81, 26, 0, 39, 25, 41, 16, 22, 58, 51, 39, 44, 58]
[50, 64, 60, 71, 62, 39, 0, 22, 30, 51, 54, 67, 87, 11, 75, 35]
[49, 55, 39, 87, 43, 25, 22, 0, 43, 32, 46, 73, 76, 17, 68, 54]
[30, 52, 67, 43, 66, 41, 30, 43, 0, 57, 43, 38, 75, 41, 58, 18]
[43, 33, 10, 96, 11, 16, 51, 32, 57, 0, 29, 71, 49, 49, 48, 73]
[17, 10, 37, 74, 33, 22, 54, 46, 43, 29, 0, 44, 33, 58, 22, 61]
[28, 47, 80, 36, 76, 58, 67, 73, 38, 71, 44, 0, 61, 76, 42, 48]
[45, 23, 51, 96, 44, 51, 87, 76, 75, 49, 33, 61, 0, 90, 19, 92]
[57, 68, 56, 83, 60, 39, 11, 17, 41, 49, 58, 76, 90, 0, 80, 46]
[28, 15, 53, 77, 47, 44, 75, 68, 58, 48, 22, 42, 19, 80, 0, 75]
[47, 70, 83, 38, 83, 58, 35, 54, 18, 73, 61, 48, 92, 46, 75, 0]
